4.780084684644366533e+00
5.144708281924685878e+00
5.163262206401186383e+00
5.506232955246522565e+00
5.872977978239203090e+00
5.749061932179473366e+00
6.120921596040147961e+00
6.310159095916485050e+00
6.003230147061858979e+00
6.839249135383671963e+00
6.831937362586820939e+00
6.978571357874614023e+00
7.056668466255693772e+00
7.075668582344594171e+00
7.286545200766116004e+00
7.712081059722829757e+00
7.460732100592318616e+00
7.511433689519446233e+00
7.468488621224228297e+00
7.167266610167682295e+00
7.314502690511853977e+00
7.541212556118323640e+00
7.401192569478678429e+00
7.156360356686161772e+00
7.400863139273242908e+00
7.618051613920417964e+00
7.469373320104255143e+00
7.668280236725226295e+00
7.681148048136729578e+00
7.609542647938120297e+00
7.555732558841408597e+00
7.794847375349934993e+00
7.493709393051514844e+00
7.746029692803933386e+00
7.476639103349864257e+00
7.315023713819893025e+00
7.590329406693538949e+00
7.590636186151403564e+00
7.966784204589886009e+00
7.683452432176859581e+00
7.755623242344481305e+00
7.438513959034826151e+00
7.346261727757948279e+00
7.527529557553616080e+00
7.732550801093561077e+00
7.785341152929350805e+00
7.784513616124683288e+00
7.665773067355515558e+00
7.735292766519155094e+00
7.800089184691544553e+00
7.635905246681227609e+00
7.540969221907433351e+00
7.515140553861917816e+00
7.599322273069343936e+00
7.659997968889344477e+00
7.369629912512758452e+00
7.398371092733017740e+00
7.342342763145066620e+00
7.387187749047874341e+00
7.521633667926146849e+00
7.575055891857995327e+00
7.655232631704804724e+00
7.535982572497623266e+00
7.599388076819368010e+00
7.459710011230970217e+00
7.390382211313119676e+00
7.841285225024123839e+00
7.494397814824516502e+00
7.799149014437114502e+00
7.855570454621445542e+00
7.759171380116104189e+00
7.641449241618837540e+00
7.599595786721916824e+00
7.876985573600853385e+00
7.800618835973272880e+00
7.646003479043738338e+00
7.928753629011602300e+00
7.907150634571371128e+00
7.928296236404043462e+00
7.657230082161163409e+00
7.467883723530055917e+00
7.562272313108808319e+00
7.455614421789433344e+00
7.534295449547784074e+00
7.928416632233395767e+00
7.626348448475702035e+00
7.636752094402781132e+00
7.954000605755464193e+00
7.602165559079057111e+00
7.759812764026583487e+00
8.191831538755403486e+00
7.818251988797412899e+00
7.902530800944957079e+00
7.826551872695799439e+00
7.682094719125466931e+00
8.053439741546620567e+00
8.011651258195842118e+00
8.472034692545113543e+00
8.332173591191992301e+00
8.302381650790362499e+00
8.663560261137439156e+00
8.609942182349989537e+00
8.445044106920168048e+00
8.342626983364542781e+00
8.140547207241068506e+00
8.339445068550745077e+00
8.442784247330466840e+00
8.331457776739370047e+00
8.275884928325675460e+00
8.021899517667415935e+00
7.537565304411559808e+00
8.103884920369736733e+00
8.004298592088813891e+00
8.022709417032785950e+00
7.885638940864613033e+00
7.985020745897530858e+00
7.978143899293228536e+00
8.117224290555640209e+00
7.944669024211713726e+00
7.972110804795426553e+00
7.921935258515403255e+00
7.788209094427676504e+00
8.007003948014117967e+00
8.323132891100852859e+00
8.158806440668669779e+00
8.361786403657253786e+00
8.011091597038701551e+00
7.870581031338852007e+00
8.405662588704913674e+00
8.503599180792400958e+00
8.028709437873963850e+00
8.867512720423949446e+00
8.682189783668343708e+00
8.975522130384954167e+00
8.694100725993360257e+00
8.511473517167701175e+00
8.623186287617675916e+00
8.338694211143259594e+00
8.587088423875041343e+00
8.452402226400696605e+00
8.811676417746234335e+00
8.803832797499049789e+00
8.631368627346571287e+00
8.980999336631676044e+00
8.740556394216421054e+00
8.738189318961422813e+00
8.924454618932273320e+00
9.078081277129868454e+00
9.151133866221643487e+00
9.344639267212896172e+00
9.415217260915337505e+00
9.282785704373905489e+00
9.165388121358120088e+00
9.410020651828236993e+00
9.117047597694106997e+00
9.701868780979644669e+00
9.375670420842157071e+00
9.345141404262864882e+00
9.948865748557913946e+00
9.751296801001762660e+00
9.764644332101276802e+00
9.551112790232567207e+00
1.017224342766815326e+01
9.811244054656198088e+00
9.732400501170936025e+00
9.856957340142100676e+00
1.018517510354414668e+01
1.021798458597616133e+01
1.011016515832612228e+01
1.045832743408093712e+01
1.045695156888029231e+01
1.059664334368918226e+01
1.042540630105455790e+01
1.085243807020978757e+01
1.100849218984525812e+01
1.144025829439877384e+01
1.138898961777456798e+01
1.088263061640144969e+01
1.130818082183875717e+01
1.108291294074122035e+01
1.128217405962911180e+01
1.113420904219090879e+01
1.070127608617218407e+01
1.103622970958938865e+01
1.081111021287684970e+01
1.084159537326469191e+01
1.116358036019621203e+01
1.068175479047643073e+01
1.181351730653852172e+01
1.176709988426459752e+01
1.152718772182130280e+01
1.175185771350309594e+01
1.218774027761986467e+01
1.108951278128912676e+01
1.205638245977724310e+01
1.318572397811663599e+01
1.287765046488528853e+01
1.300449534557352216e+01
1.468181845818486764e+01
1.373294662845402314e+01
1.342325564671584992e+01
1.381713995890927293e+01
1.392387446685463814e+01
1.412904662889693519e+01
1.338251580538223173e+01
1.625915366258568895e+01
1.381289790298338716e+01
1.387797623470207320e+01
1.282975443773050905e+01
1.324396289850161246e+01
1.357368886257093976e+01
1.291398762795291155e+01
1.315262584216400121e+01
1.308686198408226886e+01
1.262348815632793553e+01
1.270703284931405364e+01
1.279869433393581346e+01
1.234400670859590932e+01
1.226122300279897814e+01
1.285300502957749202e+01
1.249399899474130571e+01
1.249166499416717357e+01
1.239188448905928475e+01
1.211487589476753257e+01
1.220310610933599271e+01
1.206321802045320979e+01
1.240481364757443039e+01
1.178345789203198279e+01
1.267740510711300850e+01
1.269528321314428254e+01
1.258789031000671876e+01
1.240032564874469578e+01
1.226706514096558109e+01
1.236363729228486363e+01
1.300885448278434353e+01
1.268563059752523259e+01
1.235564622858087880e+01
1.231668954958546003e+01
1.263722529755485802e+01
1.337653679829189457e+01
1.390133483440402884e+01
1.364182842341674018e+01
1.713361317005356455e+01
1.357331072827119378e+01
1.262310536599786026e+01
1.200035871673505028e+01
1.216378077796130341e+01
1.244938140179021602e+01
1.243795823074596996e+01
1.224405927625742230e+01
1.204217090707193805e+01
1.186255283596098842e+01
1.209553229880526892e+01
1.242375283118971119e+01
1.382840577105180557e+01
1.287204270779137438e+01
1.261392436828308838e+01
1.335775391851090887e+01
1.280073369196427358e+01
1.269060564979989358e+01
1.271214467797466163e+01
1.304390610607867451e+01
1.277413983351460480e+01
1.354297396018347044e+01
1.296057641765559332e+01
1.307502224634202115e+01
1.326859450464498380e+01
1.291748135976022382e+01
1.307354766488802156e+01
1.300482296639129487e+01
1.245507943107192617e+01
1.273498333923284953e+01
1.318185504463134450e+01
1.360457163997655172e+01
1.430065849982064385e+01
1.327227395107639829e+01
1.398362991287826951e+01
1.342039281363552661e+01
1.384236615002731696e+01
1.335400094933519810e+01
1.334013430303728143e+01
1.286788124169195235e+01
1.289606089785909226e+01
1.324711266556191624e+01
1.322784692818992092e+01
1.321763703282084990e+01
1.551093848524184615e+01
1.376072370384956933e+01
1.427714998680835556e+01
1.365488428290158041e+01
1.344279851173910068e+01
1.339005488630460761e+01
1.625176189178913333e+01
1.442911960855967557e+01
1.396997762754096506e+01
1.410791050709935490e+01
1.342532456426012999e+01
1.427296634380281581e+01
1.454072428848098220e+01
1.341787549868011276e+01
1.408753072452188704e+01
1.371030056389168728e+01
1.376575488295567595e+01
1.411596119019986872e+01
1.389119683867829380e+01
1.401566189391286166e+01
1.632067442785009703e+01
1.448100337966571693e+01
1.544644375759691535e+01
1.468858197986084413e+01
1.594437956061228157e+01
1.639183139659193245e+01
1.619659839117441180e+01
1.535143266298727838e+01
1.487378845283213380e+01
1.496280461101454939e+01
1.489347983564989342e+01
1.457789660036147339e+01
1.487700053710837267e+01
1.530061812319882364e+01
1.467106431107334075e+01
1.450494801038552417e+01
1.413969873988585846e+01
1.409154977833628131e+01
1.401566657170095986e+01
1.467741918336066753e+01
1.458656127546065129e+01
1.431612840448146251e+01
1.458055740708206827e+01
1.417569883859241919e+01
1.471093810400618196e+01
1.453714335939157287e+01
1.525337102465168471e+01
1.813990956344833450e+01
1.456043189502054958e+01
1.404680560377463117e+01
1.385930039488220444e+01
1.486055463905923446e+01
1.454892772456786432e+01
1.523432639293215729e+01
2.403671653845712441e+01
