1.106349610514541659e+01
1.105573297375618225e+01
8.999244268958339177e+00
8.999164497919270644e+00
1.106349610514541659e+01
1.225261737855678668e+01
1.105646586399849518e+01
1.106294309288466238e+01
1.103234907044097390e+01
1.106595407272292242e+01
1.106237130362394616e+01
1.106349610514541659e+01
1.106595407272292242e+01
1.224968978089931859e+01
1.227694523760065515e+01
1.312522990208587359e+01
1.310290664904505320e+01
1.228788502171105002e+01
1.106349610514541659e+01
1.228134798282548701e+01
1.224870136478274496e+01
1.228204891786405462e+01
1.106402968347417648e+01
1.227918782717743618e+01
1.225922257856115571e+01
1.227844924325828657e+01
1.227991725735946282e+01
1.229017108995058827e+01
1.228475176137236247e+01
1.227141377930658628e+01
1.227141377930658628e+01
1.229316313208132527e+01
1.228342095306454240e+01
1.228204891786405462e+01
1.228273997705664300e+01
1.228666636493094799e+01
1.227059121800012953e+01
1.106503558360348016e+01
1.228273997705664300e+01
1.229070858504449504e+01
1.228342095306454240e+01
1.106402968347417648e+01
1.106595407272292242e+01
1.228063736764655900e+01
1.228905433691784133e+01
1.228342095306454240e+01
1.106550623218178941e+01
1.228204891786405462e+01
1.316074054254495707e+01
1.228273997705664300e+01
1.227844924325828657e+01
1.227844924325828657e+01
1.314246553040507060e+01
1.228204891786405462e+01
1.227770166338886781e+01
1.106454310754148906e+01
1.106117375285332471e+01
1.106237130362394616e+01
1.227918782717743618e+01
1.228409162583411884e+01
1.228540111035508531e+01
1.228063736764655900e+01
1.228728167969777374e+01
1.106637800422896767e+01
1.227141377930658628e+01
1.227540641289508905e+01
1.315452679082186549e+01
1.228728167969777374e+01
1.228342095306454240e+01
1.227141377930658628e+01
1.227991725735946282e+01
1.227059121800012953e+01
1.227540641289508905e+01
1.314875601074504985e+01
1.228475176137236247e+01
1.227383383410715645e+01
1.228666636493094799e+01
1.226976088870662451e+01
1.227222847265094963e+01
1.228603940653760596e+01
1.228409162583411884e+01
1.228273997705664300e+01
1.106454310754148906e+01
1.223423004896039501e+01
1.227694523760065515e+01
1.224264207438710805e+01
1.228603940653760596e+01
1.228342095306454240e+01
1.313801292154127687e+01
1.306526113881782081e+01
1.309423338340098297e+01
1.226373869323931309e+01
1.313876864845971681e+01
1.310758404693350698e+01
1.226549595434974549e+01
1.228342095306454240e+01
1.315074092798283978e+01
1.312935961303859500e+01
1.228728167969777374e+01
1.228409162583411884e+01
1.314173725179985475e+01
1.313648556305015980e+01
1.315074092798283978e+01
1.308011482070541476e+01
1.222545244094865424e+01
1.311305994112948881e+01
1.227694523760065515e+01
1.313017122498366618e+01
1.311662543408264270e+01
1.312269600056417218e+01
1.223315254025600751e+01
1.312935961303859500e+01
1.228728167969777374e+01
1.373917836052626207e+01
1.224569907560357684e+01
1.226284938361181354e+01
1.227141377930658628e+01
1.228204891786405462e+01
1.228847603570366509e+01
1.313336863722865466e+01
1.227383383410715645e+01
1.106454310754148906e+01
1.376062256841413145e+01
1.434005360410227858e+01
1.309423338340098297e+01
1.310758404693350698e+01
1.226892288740987702e+01
1.227618010872495979e+01
1.375055171170729018e+01
1.379108170987489324e+01
1.312935961303859500e+01
1.432427098980829960e+01
1.313177981889900536e+01
1.313415552496928029e+01
1.313571403464182907e+01
1.313257672080239580e+01
1.373038866924269996e+01
1.308726778802839696e+01
1.315452679082186549e+01
1.226892288740987702e+01
1.375972128399762973e+01
1.379187001708170968e+01
1.227303519382214070e+01
1.377207449188283483e+01
1.310942613385111777e+01
1.437741157916445012e+01
1.378869718036468761e+01
1.434221903252556274e+01
1.371730610907980541e+01
1.474536765463705024e+01
1.379653007608064819e+01
1.375148139261796310e+01
1.380975718181718470e+01
1.381184524737786035e+01
1.378465851541711729e+01
1.518324467381570209e+01
1.369522304593686535e+01
1.429993025809174156e+01
1.639914396520219597e+01
1.476297378925893078e+01
1.472777736780209779e+01
1.434077796101228586e+01
1.554231033713957189e+01
1.428700835314228357e+01
1.519606207430835987e+01
1.548384670756587056e+01
1.671432407033438849e+01
1.547782850296110091e+01
1.547631189782163652e+01
1.618032629848264747e+01
1.550215462760500529e+01
1.578770115591792766e+01
1.520322221592757650e+01
1.644256846510711156e+01
1.616294691148095453e+01
1.701857291713132625e+01
1.645071557581233179e+01
1.586529234746867090e+01
1.665240360594543745e+01
1.584594980645370477e+01
1.660619060912997114e+01
1.586710864130307641e+01
1.578770115591792766e+01
1.698373318468131998e+01
1.613734239642065660e+01
1.551901267663119377e+01
1.669274649638540353e+01
1.703557719896044986e+01
1.818462089457176845e+01
1.818552924159074280e+01
1.704703934920830477e+01
1.772148320882378059e+01
1.950024118108806448e+01
1.667985201227688918e+01
1.736095401426893758e+01
2.116499206047792114e+01
1.877771241874005170e+01
1.821509880242139445e+01
2.209416512287058865e+01
2.116547354850556317e+01
2.116266251872290738e+01
2.028840396405008661e+01
2.117380381926000865e+01
2.029512567312600169e+01
2.028894544570776048e+01
2.402988922865084476e+01
1.949820266664953294e+01
2.116515279377916059e+01
1.824048480609619816e+01
1.949669362689968466e+01
2.029329855593305609e+01
1.880787026684053487e+01
1.880767417950465514e+01
1.950398582166134176e+01
1.821287366076696657e+01
1.949847575853979365e+01
1.950091569424193594e+01
1.774426245981642580e+01
1.879332094596345826e+01
1.948580595413526240e+01
1.736055220360328377e+01
1.819830873498898072e+01
1.730386933218619561e+01
1.738079806380809345e+01
1.729168542370846140e+01
1.672316523354209394e+01
1.817355223838192302e+01
1.668493985330224660e+01
1.819684596802830612e+01
1.880291673430711441e+01
1.879908150453382021e+01
1.819713901357195596e+01
1.773730183130386706e+01
1.735691431580633548e+01
1.819567132912542107e+01
1.820894046560393775e+01
1.734869204363690187e+01
1.734702491468550889e+01
1.947543578838135048e+01
2.116450844413217780e+01
1.949350032915430475e+01
2.028585324409076307e+01
2.600911221444689403e+01
2.117718008836843069e+01
1.703196886165356361e+01
1.618412166180005229e+01
1.735853594520269638e+01
1.735853594520269638e+01
1.735894015624327835e+01
1.775040189402736956e+01
1.700904984979625212e+01
1.772839839612970536e+01
1.733255275915615101e+01
1.879703889830405572e+01
2.209499066353506791e+01
1.879290459213125786e+01
1.774700584330854625e+01
2.116504566455020253e+01
1.879601143305088229e+01
1.736573808361545446e+01
1.770345045209240098e+01
1.880311691379504069e+01
1.878743357191959262e+01
1.950842376500308006e+01
1.733600625773799209e+01
1.945667061211248594e+01
1.873626349135983560e+01
1.950172178592965722e+01
1.876380923053392280e+01
1.821867959762215960e+01
1.722297128896332197e+01
1.735405809839771507e+01
2.029581548991006557e+01
2.030651446980867547e+01
2.209657861409156254e+01
1.877727306649892114e+01
2.116929814044116043e+01
1.879826644009263603e+01
2.029180237512660412e+01
1.947754467320702787e+01
2.029598740166377624e+01
1.818613359971958232e+01
1.819976533973792954e+01
1.948897355515747520e+01
1.948925929670919288e+01
1.880271638640838106e+01
2.402907139548769067e+01
1.875476833065286542e+01
2.209437256421340834e+01
2.028631158309466898e+01
1.877683309888751140e+01
1.949364022735332114e+01
2.501581215149183279e+01
2.116558025515039887e+01
2.116888618970057934e+01
2.117133036882618313e+01
1.815082124248136353e+01
2.209657861409156254e+01
2.117148090328948840e+01
1.879373665294442830e+01
2.117128013147452492e+01
1.823795745061518758e+01
1.948840095576252196e+01
2.029303562645097969e+01
1.877462405407362311e+01
2.027768518656860053e+01
2.501618163506833170e+01
1.948825757378162393e+01
2.209586245663739490e+01
2.117370635523131384e+01
2.402969677245237534e+01
2.402787935619361903e+01
2.402928799242181412e+01
2.305220752669997708e+01
2.116472364643851023e+01
2.116674698371823027e+01
2.115271303898970956e+01
2.028695118241293471e+01
2.116763959132279282e+01
2.209392719477574474e+01
2.116945215486482468e+01
2.116867953829538962e+01
2.029572945247390336e+01
2.116326297709254334e+01
2.028270416214994043e+01
2.116924674554834240e+01
2.209431336657479505e+01
2.029303562645097969e+01
2.029382298724751976e+01
2.029667286554564143e+01
2.028622001391009988e+01
1.949475596120420917e+01
2.305459324103725294e+01
2.700471932862121349e+01
2.116805690118807703e+01
1.877373615206574797e+01
1.949082419370249397e+01
2.305272791349654327e+01
2.030137095633421751e+01
2.305462359664285188e+01
3.300010899460024660e+01
