5.743575771561390653e+00
5.869383323672320962e+00
5.940595446314999251e+00
6.332260459566865229e+00
5.941325169599559253e+00
6.215967815115301498e+00
6.368584199250082456e+00
6.289715853633079945e+00
6.410982425099659210e+00
6.443798891775470494e+00
6.672235103566106496e+00
6.719113939095479715e+00
6.710746716713055449e+00
6.748494122036477805e+00
6.823992990601465358e+00
6.617864823073746017e+00
6.917828479059191515e+00
6.921658303977004323e+00
6.968846247339728350e+00
7.218462262912930250e+00
7.058257590508492996e+00
7.068448445577507400e+00
7.324616366400180212e+00
7.211744949918483805e+00
7.178512753082350706e+00
7.467275960635880949e+00
7.500391633208532305e+00
7.342267098173753226e+00
7.431825692280431994e+00
7.551369275053985142e+00
7.598786745300986745e+00
7.617112854508987674e+00
7.560522208361981633e+00
7.758065721632877221e+00
7.659655054222108461e+00
7.757880318080455417e+00
7.810334080686640590e+00
7.729635271275033581e+00
7.730809667418756526e+00
7.615614234447626529e+00
7.644819870379118143e+00
7.474811916673273160e+00
7.592045330202592979e+00
7.643389950951596568e+00
7.636759370327066421e+00
7.470915424277014161e+00
7.421517469921933952e+00
7.666204207309609941e+00
7.529439250069639655e+00
7.553404329527094951e+00
7.505271530175616768e+00
7.346605758847871037e+00
7.347871144200960991e+00
7.568689908563135837e+00
7.632532853081731794e+00
7.570992726207811607e+00
7.387232524968952774e+00
7.695401922565324071e+00
7.599797058385158621e+00
7.612428843911641430e+00
7.516408803180484099e+00
7.606689000294684533e+00
7.505090115126392902e+00
7.571725729254117354e+00
7.671507182271831482e+00
7.829091908421232482e+00
7.556786334200889854e+00
7.539291811842279145e+00
7.622218071233164416e+00
7.447769147765718856e+00
7.516679105944930050e+00
7.564914646950386512e+00
7.553559612414590951e+00
7.671503569144458190e+00
7.514986674808715073e+00
7.556797678090173775e+00
7.360232314792693131e+00
7.574674116817599945e+00
7.528349433383803913e+00
7.580883816416948306e+00
7.525499979521172556e+00
7.587333189118404597e+00
7.627694047091021723e+00
7.610421722067906458e+00
7.531697803684579640e+00
7.608955372148192176e+00
7.514911882886767813e+00
7.704183856633477490e+00
7.669177911111612289e+00
7.600385864935459423e+00
7.625443904938122408e+00
7.606680279059236049e+00
7.624922448534519503e+00
7.634001523215744989e+00
7.643399340196887159e+00
7.534396935805430573e+00
7.458290811670075904e+00
7.850614500955762409e+00
7.698416193814884068e+00
7.722998532208481315e+00
7.462396912165796259e+00
7.550784934056966158e+00
7.581092409115508524e+00
7.628417734187622479e+00
7.603510806254127452e+00
7.603725430513679662e+00
7.574232691026868025e+00
7.589705337085598913e+00
7.537439577630717480e+00
7.673026976999123505e+00
7.467288789404229021e+00
7.535914722132816657e+00
7.721376807708281831e+00
7.672828177198590893e+00
7.616283580659845676e+00
7.718343062143220301e+00
7.737557341245712372e+00
7.773006166542531403e+00
7.696840061514138576e+00
7.667949684646439223e+00
7.636628713778007338e+00
7.817092180366254084e+00
7.780274942737938737e+00
7.697766604100272581e+00
7.763836154097270459e+00
7.778642932413091238e+00
7.796749919375597138e+00
7.722064861259100965e+00
7.702928066408258445e+00
7.579902175263206310e+00
7.710038592339274466e+00
7.689135722935953154e+00
7.711742826640435311e+00
7.796033038230874013e+00
7.731367218801378449e+00
7.675055531557432253e+00
7.761366114042361097e+00
7.809072738369204458e+00
7.790156004157938519e+00
7.815403433451322712e+00
7.780793043697276090e+00
7.770591762468969321e+00
7.608068219792690989e+00
7.723871715678980898e+00
7.694182589867699207e+00
7.625796125983018925e+00
7.626621979241144267e+00
7.768047258490732965e+00
7.778068249915753185e+00
7.597225205462466491e+00
7.894637135467862166e+00
7.870636413859144476e+00
7.694445982379114923e+00
7.589332223400582222e+00
7.815550048807994088e+00
7.713431603732598063e+00
7.624964174554592411e+00
7.821619682111881744e+00
7.732230514110621122e+00
7.946312908170529710e+00
7.894894747936313628e+00
7.849326585988208649e+00
7.735051702973233745e+00
7.887697526393317560e+00
7.883527655145787350e+00
7.855475359038553762e+00
7.998385517332124550e+00
7.982728500147261208e+00
7.989686368935180028e+00
7.814190084079651655e+00
7.806629235071794959e+00
7.844941228972690084e+00
7.845272273661705320e+00
7.689248627748658471e+00
7.556330079451590187e+00
7.815286857557352640e+00
7.717784585971100064e+00
7.884402848798377939e+00
7.745571881598190878e+00
7.804050147798351489e+00
7.822508073618954505e+00
7.830793243891244870e+00
7.841921591931820146e+00
7.723275868313050907e+00
7.846832937948128972e+00
7.934819932012976196e+00
7.736010981150179155e+00
7.789507085025499045e+00
7.842324539194830635e+00
7.812778368525774120e+00
7.795381646827686417e+00
7.718526428131871953e+00
7.802409447796119224e+00
7.928039815814976521e+00
7.833121518422292873e+00
7.876990693597997861e+00
7.831051184166735624e+00
7.811598124702720192e+00
7.962911054247332032e+00
7.640883963598445128e+00
7.661144776677783597e+00
7.791429337925592336e+00
7.854498446785346921e+00
7.888590941190224193e+00
7.802296674057992654e+00
7.836158817725865866e+00
7.795570824347527683e+00
7.784928749151861282e+00
7.803864665940652756e+00
7.860353729265125544e+00
7.684257743798610818e+00
7.866834788902606235e+00
7.648724108395869692e+00
7.713715301610943875e+00
7.717852265354378183e+00
7.776176012774262070e+00
7.930492545681733674e+00
7.595662266169499688e+00
7.698615618039637454e+00
7.693199944595345841e+00
7.689557382989549161e+00
7.718823527361303505e+00
7.853062144582148463e+00
7.786893621203687665e+00
7.803565743998462700e+00
7.888378231975689658e+00
7.751471730291657813e+00
7.753214633598690675e+00
7.701314305946403316e+00
7.780362742579539415e+00
7.571758106923887510e+00
7.511287646259495077e+00
7.630384764720812285e+00
7.848733129704701383e+00
7.751398213190291209e+00
7.867456803567093537e+00
7.837507018278467186e+00
7.641030727412756463e+00
7.690092202837440105e+00
7.504648520062223049e+00
7.652888909156506436e+00
7.583450365066807919e+00
7.518500394281467436e+00
7.688994438801403319e+00
7.772050646980813049e+00
7.607719131711519367e+00
7.687023852841686100e+00
7.622611623130127967e+00
7.476821042363408054e+00
7.729748698051782441e+00
7.723497271413251042e+00
7.642487943783139670e+00
7.625639611967488740e+00
7.768305538941998378e+00
7.666941986588172497e+00
7.818884861821535637e+00
7.820438387361118515e+00
7.602518504960736223e+00
7.776924740161769378e+00
7.734470421156351527e+00
7.890724412859584369e+00
7.755715609616987471e+00
7.709244400721237511e+00
7.823852866799024142e+00
7.713571596887223158e+00
7.815948211147994762e+00
7.766203715288294340e+00
7.558124246645623323e+00
7.647644734072906125e+00
7.754277661360315932e+00
7.679423258846908240e+00
7.700875323142963857e+00
7.778872224863545348e+00
7.684922770899301092e+00
7.610646103417662012e+00
7.693014921944524076e+00
7.757796852820376010e+00
7.797582152145515089e+00
7.732173602764184750e+00
7.825355837945719983e+00
7.671824062151013202e+00
7.759785341873886466e+00
7.727248990568932108e+00
7.711171729748951265e+00
7.707078389861923284e+00
7.686758476697320042e+00
7.567709234464830459e+00
7.615839990750233213e+00
7.757444432867734108e+00
7.628908472526545026e+00
7.648531297246960570e+00
7.722057755614790686e+00
7.830043109678616275e+00
7.584564370690920043e+00
7.834295176387240822e+00
7.730682585814336427e+00
7.652355941838947295e+00
7.637800648457104380e+00
7.564487583981677865e+00
7.660038871958359863e+00
7.931893470325467099e+00
7.890639159467537134e+00
7.920272824265072842e+00
7.794877501534535291e+00
7.796550733086451856e+00
7.738230573048767269e+00
7.630811915903531251e+00
7.750924954865449301e+00
7.884681682710879436e+00
8.242518473999478346e+00
8.344467193711095021e+00
8.737824464675584935e+00
8.694343919315052460e+00
8.820724560899881439e+00
8.795680618485347324e+00
8.722566418962776069e+00
8.669812048028003204e+00
8.560420742726432053e+00
8.641868165595266049e+00
8.766552150881761207e+00
8.698391815633074842e+00
8.688275433355377331e+00
8.600325701598716677e+00
8.684229540064894337e+00
8.500060681675167373e+00
8.480955766014373509e+00
8.506925604823715403e+00
8.611222687932547970e+00
8.481908620517799591e+00
8.680677565467691537e+00
8.660567007161537489e+00
8.573965795324399508e+00
8.512109294951445193e+00
8.524647192778505911e+00
8.679167027463636330e+00
8.833581122932033125e+00
8.611527110687180908e+00
8.670013644240306405e+00
8.586098191889973918e+00
8.487935928352980497e+00
8.560877426903617859e+00
8.627360855672643325e+00
8.639805806462385718e+00
8.721882493455591856e+00
8.744721698977944158e+00
8.847472733150015145e+00
8.791710423749862002e+00
8.979508785844791063e+00
8.977052665620593785e+00
8.988202852091754735e+00
8.999605341460428676e+00
8.786903815506837745e+00
9.021196551207491865e+00
8.974157606808102372e+00
8.891884234446477464e+00
8.843159482492367829e+00
8.980937004373712895e+00
8.846787218865031832e+00
8.644223090895099659e+00
8.571562670792062022e+00
8.771604842451282025e+00
8.490167307831274712e+00
8.602936087291528366e+00
8.582063593503859167e+00
8.818595703719848800e+00
8.914500021207629743e+00
9.016360722857847065e+00
9.049370967740452798e+00
9.034540475528489267e+00
9.280181310865943445e+00
9.214278995663560679e+00
9.240562263278794930e+00
9.270157433468668273e+00
9.101961986212979028e+00
9.117624486850047560e+00
9.143762089799448489e+00
9.052615895708752802e+00
9.004807295588733496e+00
9.112495000084905428e+00
8.959805173581450788e+00
9.258046398855755754e+00
8.921037590981839571e+00
8.929229046237786349e+00
9.017513228853012208e+00
8.960726030566664946e+00
8.988210473800725353e+00
8.974796890739821009e+00
9.033787268784511326e+00
9.101467407249748121e+00
9.222574340214261923e+00
9.613541711241532894e+00
9.611231463170677003e+00
9.429049717207263370e+00
9.509390766497014980e+00
9.386659075753955861e+00
9.423067901292769832e+00
9.617279204873440790e+00
9.924941477057696915e+00
9.680382986450183580e+00
9.793961787680588671e+00
9.698767871826618148e+00
9.661333351263497349e+00
9.733073290800229316e+00
9.658022773572593422e+00
9.623021040466642972e+00
9.881484405110604996e+00
9.853515343666781945e+00
9.937717139530716892e+00
9.913401276938065720e+00
1.019583814052294102e+01
1.015579814706770634e+01
1.030363764346249589e+01
1.023939130476225046e+01
1.020043179978011594e+01
1.025747949403018211e+01
9.725329460412179827e+00
9.931080732283394497e+00
9.859919179273038736e+00
9.799608113546121047e+00
9.735385037345169579e+00
9.802889029229850948e+00
9.704699658282573083e+00
9.776135182904598153e+00
9.663260146085837832e+00
9.702962161154253806e+00
9.679217931083558213e+00
9.639863860879742674e+00
9.783059329670308557e+00
9.902796001829509365e+00
9.571110089544516697e+00
9.584080988436125992e+00
9.534948347812807867e+00
9.528099570715676592e+00
9.604604382689032605e+00
9.674784057525892322e+00
9.396606167284268452e+00
9.346070845122234516e+00
9.481066021283517387e+00
9.309606963027263760e+00
9.464743184802067333e+00
9.271367681326314170e+00
9.241376024018062907e+00
9.089249635227703905e+00
9.088009767073085499e+00
9.128803976127786157e+00
9.275685761342272073e+00
9.457033004035748647e+00
9.517294437286142994e+00
9.428820166313286677e+00
9.716342567621868653e+00
9.798089424633994682e+00
9.764460969466357554e+00
9.647071532890695522e+00
9.634687740794230848e+00
9.694249094434667313e+00
9.538563020866268616e+00
9.412795215550390893e+00
9.397915760603455126e+00
9.412835188589635749e+00
9.419862360763511688e+00
9.543245268336237430e+00
9.747158316633781183e+00
9.775669844390140639e+00
9.719087178309109731e+00
1.014134773636120457e+01
1.009739365488730201e+01
1.018718029286823246e+01
1.010896659066889924e+01
1.044360976105764216e+01
1.049457582749713858e+01
1.035501937959287133e+01
1.024399060613443702e+01
1.042190878322239200e+01
1.020356161958119223e+01
1.023843211498870076e+01
1.042053079215330058e+01
1.028128871546783785e+01
1.030027862946068673e+01
1.024702828864245419e+01
1.033830053778214264e+01
1.019973494842519024e+01
1.052215147410407958e+01
1.039575700078279219e+01
1.059709771274132706e+01
1.059493035332087452e+01
1.059820508804644312e+01
1.047727755637694891e+01
1.071442632061059186e+01
1.070210093910812432e+01
1.060991293850789141e+01
1.050052020122564045e+01
1.050481777931052285e+01
1.035728892336542906e+01
1.037212059988851287e+01
1.057745350568355747e+01
1.038355674284633423e+01
1.041258768827246328e+01
1.029430393684748424e+01
1.029087899062118971e+01
1.037795379169481080e+01
1.048029310929935853e+01
1.017534389614605850e+01
1.033936517521155807e+01
1.006027018157413799e+01
9.994834680891431233e+00
1.012869069880236594e+01
1.022866740761985938e+01
1.007822553004425004e+01
1.026518567310476904e+01
1.030832429582977028e+01
1.037696395882219313e+01
1.043694540997620912e+01
1.031378947598591012e+01
1.032303196399334944e+01
1.034661048480899836e+01
1.043016113516000765e+01
1.041120634663169753e+01
1.026599083064566820e+01
1.057930845111036433e+01
1.041750098614626019e+01
1.058333099117985654e+01
1.059664877373484870e+01
1.012481395235890602e+01
1.037201278053526821e+01
1.050473969908389904e+01
1.043489460740930852e+01
1.030103824300272564e+01
1.035336657705803098e+01
1.023754801374460932e+01
1.033428540332059065e+01
1.038973776442181318e+01
1.041734153542877372e+01
1.040215499016885659e+01
1.042646297762085617e+01
1.035847150621509627e+01
1.020014092157487084e+01
1.031804613962740191e+01
1.019926563071500070e+01
1.021795849188654692e+01
1.010398349593820555e+01
1.010054413729747402e+01
1.012244906443230796e+01
1.014442244679630534e+01
1.012157539854208110e+01
1.038288900508569768e+01
1.050416873504541115e+01
1.011878931856894859e+01
1.017107660206431952e+01
1.050470929500728268e+01
1.053305063154798660e+01
1.040382582986791071e+01
1.038807528762454879e+01
1.032141529382497325e+01
9.994094129304730956e+00
1.032359761051923996e+01
1.034860486195207052e+01
1.049134471726007689e+01
1.055533650328021444e+01
1.072197835703223134e+01
1.065704444660845773e+01
1.053988478942440210e+01
1.079958733727536568e+01
1.062189597768412064e+01
1.059649929091230014e+01
1.059746539867725090e+01
1.073862710035983881e+01
1.064331223547777583e+01
1.064738647867238797e+01
1.064814723195236468e+01
1.068070467390304579e+01
1.062173826383690312e+01
1.078446149074427218e+01
1.058230979657915505e+01
1.076969044899240302e+01
1.063638561969226082e+01
1.067774840423670568e+01
1.058648103210013858e+01
1.049210732183488126e+01
1.037309742398733192e+01
1.048012878120994351e+01
1.037431255158695365e+01
1.049646847758011958e+01
1.017267103340069490e+01
1.052764002036355073e+01
1.034925736808360774e+01
1.034716505461546276e+01
1.046569990224033297e+01
1.042393185604649020e+01
1.056471265459230580e+01
1.055227862999385913e+01
1.058237919650301961e+01
1.076302130231011311e+01
1.059939555884051110e+01
1.074027460623481112e+01
1.084068864691383816e+01
1.094239264251762478e+01
1.055862009322975581e+01
1.068177962073476728e+01
1.086754174365011849e+01
1.064919577826914932e+01
1.075792835625055943e+01
1.039460101319057017e+01
1.056364595627166203e+01
1.049869285849304035e+01
1.042118979785495902e+01
1.078472950965635846e+01
1.078736663099638626e+01
1.088706067574649516e+01
1.105273717114322984e+01
1.116869177001976610e+01
1.116393974220909158e+01
1.096228133505512048e+01
1.105072869500111388e+01
1.058103785205368830e+01
1.056402168884516257e+01
1.068809032812156445e+01
1.049739592185185977e+01
1.075221293717151383e+01
1.086397011995925688e+01
1.101579452860233310e+01
1.087739941276543298e+01
1.131874923275798750e+01
1.136863156525440033e+01
1.126061363515695923e+01
1.127279211107480883e+01
1.121586971067168648e+01
1.108640563761332842e+01
1.116965293900241285e+01
1.130473335809627855e+01
1.132905729551634266e+01
1.145861497801024420e+01
1.102428184825325097e+01
1.080734778869624790e+01
1.092763675979909799e+01
1.103731516150938852e+01
1.104008443455920307e+01
1.116587462121600005e+01
1.112734702229588279e+01
1.113908938120930436e+01
1.109464109204544258e+01
1.104048703582033220e+01
1.117940721176301366e+01
1.102338566323257574e+01
1.139512847925090533e+01
1.150642835634217676e+01
1.187367701129290687e+01
1.147909605961262614e+01
1.112556677606680466e+01
1.126122745321652019e+01
1.105273774883821147e+01
1.136671175347924390e+01
1.145507578454253483e+01
1.124277786999032003e+01
1.151121523071826047e+01
1.135764990450179468e+01
1.149559702748684487e+01
1.155934763529536724e+01
1.121693588885431403e+01
1.162614754886884327e+01
1.205405964705009403e+01
1.272495474418721884e+01
1.236430878941135170e+01
1.200502784856004013e+01
1.226506440159493927e+01
1.219349828548483572e+01
1.173534946420298475e+01
1.214956709988429395e+01
1.231414139469816327e+01
1.229345305477209216e+01
1.207084187827356736e+01
1.158027128245802118e+01
1.161875356140834725e+01
1.178973985946389469e+01
1.181614464032219125e+01
1.148476222770920252e+01
1.172444423198177255e+01
1.183183845088796105e+01
1.170659626989673896e+01
1.219136347120188546e+01
1.196536837210929960e+01
1.211515194196941181e+01
1.274378638280093234e+01
1.205949683998813882e+01
1.238803757342926382e+01
1.235700231062467580e+01
1.265974123102399318e+01
1.301111919204516099e+01
1.257382352426411209e+01
1.291061686823521804e+01
1.240742706476708435e+01
1.206919800126293651e+01
1.190114628378231565e+01
1.127622399468596370e+01
1.287057437394417114e+01
1.280372386674284435e+01
1.262889724645899392e+01
1.220712273526902791e+01
1.184858485978632814e+01
1.278035175394156475e+01
1.255980288474900064e+01
1.239337693229253645e+01
1.181837723974671306e+01
1.230707918148604030e+01
1.345806266603992540e+01
1.244376113852990606e+01
1.220690978465893473e+01
1.190757285919572972e+01
1.237267650345526349e+01
1.283885028181607879e+01
1.240840744772696880e+01
1.207657041433038714e+01
1.199478087812652838e+01
1.235052507512634890e+01
1.276292083778331410e+01
1.215845934409595053e+01
1.225863118864402068e+01
1.324239234006048171e+01
1.306598786712846483e+01
1.275990331192379124e+01
1.216900270752275404e+01
1.191275267391833736e+01
1.211070800556826299e+01
1.212529277535893435e+01
1.237895042762007947e+01
1.225910587781678984e+01
1.232797111512497601e+01
1.232697975105010002e+01
1.239627850918665075e+01
1.257095693647114665e+01
1.195069236622821762e+01
1.247572838513707616e+01
1.281852032631791083e+01
1.266903365225143396e+01
1.269550313383211559e+01
1.268348955642507470e+01
1.218589557248904853e+01
1.262739812931358863e+01
1.325855447558973843e+01
1.265507771158770822e+01
1.258533877674931922e+01
1.257328984675914185e+01
1.242468465284336965e+01
1.266588222052412682e+01
1.291598154036866219e+01
1.261637720514645267e+01
1.236671043188353636e+01
1.350448857666954794e+01
1.222790935192779571e+01
1.196063595230740795e+01
1.205135556417334897e+01
1.271047564680914377e+01
1.207063047678404466e+01
1.230723617433226558e+01
1.213185440023482897e+01
1.216901958622457336e+01
1.220912848497956915e+01
1.246479398992502219e+01
1.292079766944535635e+01
1.269116072008073104e+01
1.255527565099145981e+01
1.247782881104219932e+01
1.353389482266705457e+01
1.274000710713572815e+01
1.297627472117250669e+01
1.310748488972680370e+01
1.324179670390839725e+01
1.281282970240205543e+01
1.303962685662572873e+01
1.339549889850524877e+01
1.317754307782884027e+01
1.314963458132088014e+01
1.338020515687689027e+01
1.348185136755816060e+01
1.301395112332105519e+01
1.321311853776858491e+01
1.314007616228177078e+01
1.273379933004610898e+01
1.304480144528400487e+01
1.299325322156013840e+01
1.279417253981533875e+01
1.246988899568625442e+01
1.242735253018063979e+01
1.286753348556819887e+01
1.326606116953897718e+01
1.319504804731806225e+01
1.271731636785264641e+01
1.341820715148257648e+01
1.325264955679323720e+01
1.294998080047985489e+01
1.348954354601469241e+01
1.305159445833638543e+01
1.336237515886948302e+01
1.285208867058281434e+01
1.298880356947865344e+01
1.253461258035490822e+01
1.268127802897752154e+01
1.295444658393070370e+01
1.270966219450262535e+01
1.283349242999190665e+01
1.407590537081880555e+01
1.243503169241832040e+01
1.249056048250039908e+01
1.257201421533984842e+01
1.285501577126502148e+01
1.265919367288436881e+01
1.302249239188897612e+01
1.337060687341160481e+01
1.395885349094607975e+01
1.367715621162542128e+01
1.323138088255431022e+01
1.381662219417119886e+01
1.357915796260612318e+01
1.257163884984252711e+01
1.253142558150899610e+01
1.247478789631429130e+01
1.262881116924770986e+01
1.265920091021078875e+01
1.262968260236226214e+01
1.221469290706504296e+01
1.257696828673057077e+01
1.336668011376639065e+01
1.227385527599344606e+01
1.283455903103352647e+01
1.260783640548408968e+01
1.275547092246338821e+01
1.319047098982629507e+01
1.373171974663899775e+01
1.422835944477812831e+01
1.416225646703285435e+01
1.441085223074665578e+01
1.379951005621557414e+01
1.484730772658762987e+01
1.437943297266178355e+01
1.470320518580010294e+01
1.401789075942396501e+01
1.408693163676617743e+01
1.437957982496449638e+01
1.411755605083722465e+01
1.427817210255074798e+01
1.494996610162510642e+01
1.496999437904001518e+01
1.519060843261401494e+01
1.425603002580742462e+01
1.471890338290116951e+01
1.458578443096881827e+01
1.485465216449764547e+01
1.490311598200114496e+01
1.506814066313645206e+01
1.417465425694276782e+01
1.408228044328991224e+01
1.401632460161865090e+01
1.407853096438027585e+01
1.468343263154942058e+01
1.508528742575391846e+01
1.513212113161453054e+01
1.420867550425367476e+01
1.381951055413793661e+01
1.428499922752282458e+01
1.559402385101946464e+01
1.582114126936701659e+01
1.480141706936036705e+01
1.488309347378418757e+01
1.402359195921437873e+01
1.457763323116431842e+01
1.391889837587622480e+01
1.458077680430812251e+01
1.390438213621002816e+01
1.329799734559606961e+01
1.419169555712516306e+01
1.533503956807394886e+01
1.497810608171394975e+01
1.435589919587957120e+01
1.411882382929646162e+01
1.403976960805140273e+01
1.387921298114311952e+01
1.571118129554463927e+01
1.543170054388293977e+01
1.502752183965286825e+01
1.574323263415767116e+01
1.468005454214639371e+01
1.597809751548610180e+01
1.581318692039357288e+01
1.527528119220115066e+01
1.478044797071733996e+01
1.583357772838037825e+01
1.580411125881260404e+01
1.470484768033344203e+01
1.487625081772788072e+01
1.533264726006493639e+01
1.505481559501715161e+01
1.565883373856078187e+01
1.546233261017300364e+01
1.531008446581019733e+01
1.668100812136650291e+01
1.510772990729840259e+01
1.438706944542775013e+01
1.477707636222387855e+01
1.577323005415414769e+01
1.422978908756314276e+01
1.370767468369835917e+01
1.555436106812461894e+01
1.534119818433900484e+01
1.458064284004667144e+01
1.470305949494576403e+01
1.665051044983209394e+01
1.563689146222630022e+01
1.440720715274578190e+01
1.662339240753041025e+01
1.526626836139533516e+01
1.582407940978144723e+01
1.355031250283659006e+01
1.442899388406396888e+01
1.514613004284165854e+01
1.561279672351821901e+01
1.534826587503457240e+01
1.684029425066369967e+01
1.548424538336787926e+01
1.546702447220919474e+01
1.585130344015115078e+01
1.564666065233090464e+01
1.563446866230331445e+01
1.501178850189308633e+01
1.634944178419826244e+01
1.590388242621612847e+01
1.612575054773708416e+01
1.539826089121532426e+01
1.523781439790282022e+01
1.501695871776760960e+01
1.506738629190415324e+01
1.572484767994679977e+01
1.588214567672541833e+01
1.567178167907712449e+01
1.520291797512158993e+01
1.562199750519729768e+01
1.569958040901179963e+01
1.502224792315634083e+01
1.522280864349241014e+01
1.568366135238090742e+01
1.514377257260254872e+01
1.519366444400822935e+01
1.530996168604506025e+01
1.510184629119585864e+01
1.527443010001328005e+01
1.580010327711874396e+01
1.522889106144947569e+01
1.587875986828428587e+01
1.564578808626174578e+01
1.589346881290634883e+01
1.544189052208249535e+01
1.649181111533451727e+01
1.467903493539665583e+01
1.477392956940335011e+01
1.609105652948259291e+01
1.540430050963637854e+01
1.528732305497126198e+01
1.632894754980172536e+01
1.611658782914413379e+01
1.521004635109038006e+01
1.574506971801577038e+01
1.539365845928291954e+01
1.563013058766111740e+01
1.518336582388974598e+01
1.456367936121016271e+01
1.486907975086526967e+01
1.597099148443626326e+01
1.523136890004080435e+01
1.597570991228686133e+01
1.598453383315934495e+01
1.574444057525607654e+01
1.500790489951189421e+01
1.520452674906106871e+01
1.513790353826104962e+01
1.589289235927356714e+01
1.552761262569554113e+01
1.539291620165857388e+01
1.549565664983961888e+01
1.494370577856177640e+01
1.482884334554092476e+01
1.573184245972738360e+01
1.635605405055380146e+01
1.551524074451486257e+01
1.543321423701263662e+01
1.544888029804444685e+01
1.614289931435531145e+01
1.535227422591528779e+01
1.550331340003203984e+01
1.568999493553687685e+01
1.581263973568690417e+01
1.604673453301661823e+01
1.482194263733163986e+01
1.486102055317034853e+01
1.532749071811204900e+01
1.594750131558754092e+01
1.538383149506421965e+01
1.637342585686999641e+01
1.641023859823110342e+01
1.569921665693005330e+01
1.544521350285076444e+01
1.611399341775246441e+01
1.610695006156818820e+01
1.589596917626596273e+01
1.631991750578630374e+01
1.586243672094884083e+01
1.503384697160688432e+01
1.478730744637681127e+01
1.575892162503040517e+01
1.606689825400211191e+01
1.511053488073223683e+01
1.555277116104234025e+01
1.672936164393989600e+01
1.476514778403351080e+01
1.483069455560106675e+01
1.522566258990657317e+01
1.667796487695915175e+01
1.531017117850797504e+01
1.515044461346114346e+01
1.578891142560709149e+01
1.541498363844226738e+01
1.594429823476243335e+01
1.649031805152155172e+01
1.529156014268695785e+01
1.547744056717342787e+01
1.538542035528304197e+01
1.498664768764647803e+01
1.543701618086192440e+01
1.506880896671922976e+01
1.582577302778911843e+01
1.535068838166866989e+01
1.704785718919339743e+01
1.640929726631422270e+01
1.546740753511731370e+01
1.440699970710684852e+01
1.494619146274282961e+01
1.488276594806868047e+01
1.529635295993562849e+01
1.633578390314970719e+01
1.591135687044364033e+01
1.593755393970077527e+01
1.563437151134914771e+01
1.581377813905843865e+01
1.591388416141516693e+01
1.744830067628492287e+01
1.568733120536770365e+01
1.519060650414542124e+01
1.511183065599997022e+01
1.570167995100839420e+01
1.537975574338172180e+01
1.600309088902047705e+01
1.551150379528831458e+01
1.554022227967222669e+01
1.509227901612139711e+01
1.548214460327166186e+01
1.572303607453245000e+01
1.604116437914501248e+01
1.625487100674372343e+01
1.541975497921419347e+01
1.517835222307683374e+01
1.575065055811110604e+01
1.567968814950452483e+01
1.511987474385785113e+01
1.514652787447897353e+01
1.561172580642478458e+01
1.458041192746493131e+01
1.476717153279600048e+01
1.505129000932737959e+01
1.570604916798844286e+01
1.521184070432408753e+01
1.569733841691570397e+01
1.469659058268687524e+01
1.482038527442535347e+01
1.463369511059195460e+01
1.481311700274047105e+01
1.549563159026178027e+01
1.506165461022980701e+01
1.465322735859122361e+01
1.503926436060137917e+01
1.517848993057627283e+01
1.516469821889486269e+01
1.600052864043345124e+01
1.608676229654253476e+01
1.529015023843645338e+01
1.541595979665759408e+01
1.592007985420602445e+01
1.522145512521489330e+01
1.541158637475218107e+01
1.548388577349910022e+01
1.582152055722731276e+01
1.556218351785758713e+01
1.562867405259152953e+01
1.600071499782515616e+01
1.628222371246418376e+01
1.632458348448488294e+01
1.569187473449570014e+01
1.563338692492007631e+01
1.525661325689527814e+01
1.553430870197374247e+01
1.548929722101779838e+01
1.563110427066059316e+01
1.550219688729392864e+01
1.535130230296521070e+01
1.553134233953396581e+01
1.564887245520122150e+01
1.504803610552735371e+01
1.553798876526656514e+01
1.571372523819369604e+01
1.692721970183951896e+01
1.596090367480714001e+01
1.540098341279606942e+01
1.498892948002242065e+01
1.500839825289472707e+01
1.598206116689743617e+01
1.578685915965141895e+01
1.580962090537820508e+01
1.535462666999674930e+01
1.482944829240445372e+01
1.513101645933974382e+01
1.567163346566184323e+01
1.624732840042522142e+01
1.578572555008071632e+01
1.548038968830671891e+01
1.563612671200310977e+01
1.539454985038585200e+01
1.578277267808509343e+01
1.529062049076338958e+01
1.530313790913777261e+01
1.668296742652528764e+01
1.526668971912867434e+01
1.554054684208541737e+01
1.570870273629546254e+01
1.591671982005541253e+01
1.498764183241249626e+01
1.571326815711852021e+01
1.612909236852502559e+01
1.632677650367196165e+01
1.615470580749207130e+01
1.530923623813868950e+01
1.504232244538294339e+01
1.531491104278128113e+01
1.508511427399233185e+01
1.525990423495735016e+01
1.497884425336664016e+01
1.584800137994228741e+01
1.587178521041537493e+01
1.583002687140148446e+01
1.499407244437905007e+01
1.509734489768494647e+01
1.566896308726494347e+01
1.639602684926610721e+01
1.581630920234896287e+01
1.570022426623273581e+01
1.525191784734704292e+01
1.505826058966853509e+01
1.530875781194427709e+01
1.515921544348809036e+01
1.535331719790206684e+01
1.614279476355522647e+01
1.553178558510217222e+01
1.589565330377108587e+01
1.510085396754351450e+01
1.523348162234439407e+01
1.624070055552010317e+01
1.519680498373599598e+01
1.522553234063466654e+01
1.522393120036266900e+01
1.554874040902921983e+01
1.535720796941290800e+01
1.627252000310059543e+01
1.519664056076996062e+01
1.590995931968325117e+01
1.559063723171802707e+01
1.512268127484759539e+01
1.565363582135420550e+01
1.556161892672843372e+01
1.557032716911969850e+01
1.534061458818620416e+01
1.501355897121630356e+01
1.546552456639070350e+01
1.502902258167955196e+01
1.553072868085583025e+01
1.578995985532964674e+01
1.595863220339568223e+01
1.558089705872447972e+01
1.587161077266337905e+01
1.529315926679126036e+01
1.525075021877622028e+01
1.533343128836762403e+01
1.562330145871315956e+01
1.585834448335380209e+01
1.563364996838279630e+01
1.621751024485735826e+01
1.545709048648071793e+01
1.551036633923765784e+01
1.563954784163158607e+01
1.549088166578356152e+01
1.530931611297505235e+01
1.588834814852065769e+01
1.593107359215313501e+01
1.542843473038102609e+01
1.593823197905348366e+01
1.557969830786497489e+01
1.565969950016543422e+01
1.531983997517038887e+01
1.507122562210366468e+01
1.617357479619743899e+01
1.569668220855790075e+01
1.547712861758405012e+01
1.606929126838717536e+01
1.509227600685689907e+01
1.451797254204087295e+01
1.530225035791794674e+01
1.570980484811569866e+01
1.588088466154359679e+01
1.515086103465464262e+01
1.528035869801030699e+01
1.511833131199520963e+01
1.497794381993871404e+01
1.518289683560020187e+01
1.562940939061124190e+01
1.620759166481612468e+01
1.618869469847338749e+01
1.601184266823809210e+01
1.615196069271233270e+01
1.617614807947995814e+01
1.597308837859446840e+01
1.480055046428667431e+01
1.585363905684499919e+01
1.574258921778037212e+01
1.608122375352899525e+01
1.529108855612590290e+01
1.565170617959921984e+01
1.557643963128625586e+01
1.561237529352452036e+01
1.589819458728848822e+01
1.561222196565144493e+01
1.584520723188127533e+01
1.533474170066150499e+01
1.563691746156712981e+01
1.539013778567144186e+01
1.612840656245696991e+01
1.595590585925821259e+01
1.614748312611289904e+01
1.600131463587607072e+01
1.583543088778420938e+01
1.504136789936288743e+01
1.511787792911153794e+01
1.533509309860412095e+01
1.622360772831282105e+01
1.473686176117109525e+01
1.476319358883665345e+01
1.605994437311924372e+01
1.607362416165839392e+01
1.527634365356694168e+01
1.494640632698818372e+01
1.648941166057319663e+01
1.586835182473720884e+01
1.453815085535181417e+01
1.545551693180315844e+01
1.619285541056015987e+01
1.605458290971559521e+01
1.595859583737433240e+01
1.654920267981818682e+01
1.574502438544906191e+01
1.593736152870572020e+01
1.595480609327916355e+01
1.524756864953276825e+01
1.524478521629577799e+01
1.517968065433795033e+01
1.536195724119876616e+01
1.533026243390179033e+01
1.537874875504485672e+01
1.506462353369467344e+01
1.493215808187201965e+01
1.576161236869494253e+01
1.583889710189578359e+01
1.589368624754738590e+01
1.582878076300661618e+01
1.507645030448921197e+01
1.669556007289330424e+01
1.620205972054996124e+01
1.579446379175266202e+01
1.549639982601464894e+01
1.573285719760696466e+01
1.520158920209321529e+01
1.493489557472692475e+01
1.511258948745046027e+01
1.531846473648868567e+01
1.677044320680767697e+01
1.540530637691693627e+01
1.526086956429632480e+01
1.474831481963373037e+01
1.555518322673655796e+01
1.576670380910715075e+01
1.543187523294288788e+01
1.570598627575481210e+01
1.557105612107008596e+01
1.598509928739793473e+01
1.584324457521293894e+01
1.494423036119049009e+01
1.576545958438534001e+01
1.557578271115718138e+01
1.571602464527330412e+01
1.605413488774731690e+01
1.575985117366839816e+01
1.577582642853056427e+01
1.546433465793384698e+01
1.610021135541698811e+01
1.536159329259280604e+01
1.611964699566476611e+01
1.559045292014315010e+01
1.590338902957996048e+01
1.522326624482225377e+01
1.490109322296998684e+01
1.521168264892600064e+01
1.524214290134255378e+01
1.624595072568472176e+01
1.605066834390020958e+01
1.534477285181888639e+01
1.560653507481403679e+01
1.526192261066693412e+01
1.498188679395634715e+01
1.625980063687391564e+01
1.554110178892683258e+01
1.520231570893713879e+01
1.615248798328397228e+01
1.618615467842624511e+01
1.609835726602369377e+01
1.517107544542562714e+01
1.499249909164430683e+01
1.519911668865445620e+01
1.506991136269607345e+01
1.461631549898602778e+01
1.464642265524836340e+01
1.490665391994514266e+01
1.507761122514894581e+01
1.519899222369977920e+01
1.582159396843942822e+01
1.577556119059444484e+01
1.527640593936549784e+01
1.551472621636498062e+01
1.476876856782073233e+01
1.586639828829088650e+01
1.508975888413799105e+01
1.585346335656522676e+01
1.658409055048105785e+01
1.576861225567553859e+01
1.571436144905362831e+01
1.541198219629761113e+01
1.504457840561290460e+01
1.488600468033496327e+01
1.615876342486548722e+01
1.524417770422317808e+01
1.591891708075788259e+01
1.546635557004272954e+01
1.615927585616198670e+01
1.560562184958983778e+01
1.561405459880379532e+01
1.507120347408070415e+01
1.509773382337128744e+01
1.623876791775104778e+01
1.584875201042617832e+01
1.547481588944933328e+01
1.499475871404547966e+01
1.598089598091782726e+01
1.553272226904798181e+01
1.601577910992772402e+01
1.520952683810761208e+01
1.521643958326607660e+01
1.587507288584268395e+01
1.609271300268348526e+01
1.605410059596615469e+01
1.584177501741029381e+01
1.600061998935171914e+01
1.526030878720804118e+01
1.554154447340873624e+01
1.556612731416746520e+01
1.640848918399674261e+01
1.608195873114721763e+01
1.539923443420022586e+01
1.594938640212795988e+01
1.560360363268752693e+01
1.554265521084080603e+01
1.457659069980062405e+01
1.474875949325397606e+01
1.511976084646583729e+01
1.475163459172657632e+01
1.525272151100138451e+01
1.559998576696369454e+01
1.508208768150666756e+01
1.496765783578562115e+01
1.639759172655673325e+01
1.688350667525555338e+01
1.625669444556474730e+01
1.567339598124062583e+01
1.583733874266866870e+01
1.570685203192596902e+01
1.579396670794694479e+01
1.563767763358858964e+01
1.549026859436172998e+01
1.442013330090472323e+01
1.550189071784424932e+01
1.537122707446770953e+01
1.562252088012578000e+01
1.503559157830883031e+01
1.537068224908562719e+01
1.506593429845020715e+01
1.592776056257109119e+01
1.514046415330064654e+01
1.539285368893055406e+01
1.514310779837691889e+01
1.415894161269760865e+01
1.491811085137760884e+01
1.460597029530768154e+01
1.445545351834210024e+01
1.600008898333653207e+01
1.489092081952789393e+01
1.549501768391460566e+01
1.537476105039276852e+01
1.519761076594292959e+01
1.461777605295541882e+01
1.440823020675315647e+01
1.407295328266758894e+01
1.514369701450675265e+01
1.546310901009810834e+01
1.484369677434919055e+01
1.499686608995248172e+01
1.507893951956529399e+01
1.531687809414039769e+01
1.599961663189279371e+01
1.573762225788040681e+01
1.545435708171524425e+01
1.624466594388144003e+01
1.747374313977893578e+01
1.557157209361735717e+01
1.463631785373140026e+01
1.544867199738802910e+01
1.604762014992405028e+01
1.596100383710880166e+01
1.580960882135646095e+01
1.516834281555310682e+01
1.570099498703561558e+01
1.453158791966383312e+01
1.531261627755662680e+01
1.613757891497312613e+01
1.508450403456526345e+01
1.585847953865424742e+01
1.555737013344853992e+01
1.477424511204567281e+01
1.525961487425630025e+01
1.542864980914982453e+01
1.469617885787070044e+01
1.640293187539827002e+01
1.540752943276767262e+01
1.528174055659236075e+01
1.636469798364984385e+01
1.661258372526377869e+01
1.603933501098364545e+01
1.655865951773286326e+01
1.684113805124657048e+01
1.691247511731558717e+01
1.628911057228682324e+01
1.734845793044453899e+01
1.594236659415977897e+01
1.605369122429264195e+01
1.610896982281435896e+01
1.719462521994547188e+01
1.650967102555851795e+01
1.483322205676932271e+01
1.638679786878358513e+01
1.644632609094204412e+01
1.760027820230745377e+01
1.641837900808492989e+01
1.754974685497267473e+01
1.727832444512762322e+01
1.633156799931541059e+01
1.569620602464877379e+01
1.621190612397342790e+01
1.577736242969646341e+01
1.557450998431482070e+01
1.584109417826588206e+01
1.664100521325675786e+01
1.655994329177087820e+01
1.570686524604030332e+01
1.580542025520228933e+01
1.658490596521340521e+01
1.645723530707798687e+01
1.590823357711528274e+01
1.559471024794582483e+01
1.548544198150396412e+01
1.644128057106681950e+01
1.701695538843541655e+01
1.684730722476883358e+01
1.611020062742128189e+01
1.573601779167431580e+01
1.681620558553440148e+01
1.576861067880036238e+01
1.612738018871297641e+01
1.659291271706982940e+01
1.551232438339481767e+01
1.655028719721959263e+01
1.689192100402166474e+01
1.620099445905534807e+01
1.537332761679790138e+01
1.610667007079156932e+01
1.607962841262293097e+01
1.620090358919144791e+01
1.640766364770834329e+01
1.878029469686565633e+01
1.629273337355935070e+01
1.598835330203752214e+01
1.709602316356220797e+01
1.652362976365213498e+01
1.589121255675545008e+01
1.627151708925352480e+01
1.724772213458238923e+01
1.668388198139454914e+01
1.628662156694990770e+01
1.583885485469981447e+01
1.675623385504643181e+01
1.578784643258263465e+01
1.670086280997510997e+01
1.552803866882918093e+01
1.595013002764961385e+01
1.671214207144078046e+01
1.646348187519631168e+01
1.667320340774207921e+01
1.607648780841438452e+01
1.691550598586240284e+01
1.696017293919607383e+01
1.568418917473957030e+01
1.563172120039573265e+01
1.571921468265853505e+01
1.563842165317151434e+01
1.583269964086976067e+01
1.679059947260824259e+01
1.630901562362047841e+01
1.707798390921318443e+01
1.672607904225544573e+01
1.614219437547900426e+01
1.646423754417286744e+01
1.648187603388606703e+01
1.636610920839357064e+01
1.651311700635379509e+01
1.676510268024884098e+01
1.641198059958164279e+01
1.642178266630193662e+01
1.611765440893457324e+01
1.604459148487695330e+01
1.608574363717469780e+01
1.634987850050250913e+01
1.624271490390210815e+01
1.590842468668398979e+01
1.700496492138908877e+01
1.662837091589051397e+01
1.606513061657776120e+01
1.625231400946018212e+01
1.628234679082066094e+01
1.584776183816499540e+01
1.625095456445610864e+01
1.650676240370023962e+01
1.664183463066399682e+01
1.636537830152543194e+01
1.617150368055978760e+01
1.598088015159663833e+01
1.553857146614315532e+01
1.651425988348970364e+01
1.597926613931774220e+01
1.602696845535537662e+01
1.645925542860437218e+01
1.668948674819597855e+01
1.590731985812933225e+01
1.634431815155309664e+01
1.572445071369270764e+01
1.840093617642157398e+01
1.644719908953487320e+01
1.588487468374646916e+01
1.638580918025714794e+01
1.595984667609189955e+01
1.667061558440688884e+01
1.559666316698192468e+01
1.667470557228316963e+01
1.603034664042399626e+01
1.631978829490961758e+01
1.596151926358298745e+01
1.591952764092460093e+01
1.624886050566475504e+01
1.642416332772454268e+01
1.664817745485796152e+01
1.609037066429747043e+01
1.601591903507664938e+01
1.629287141141891126e+01
1.559800917411008925e+01
1.611167079801971269e+01
1.682424927066726283e+01
1.632982543994495828e+01
1.607386431988744135e+01
1.630453724265047200e+01
1.638020246132375490e+01
1.657407919253656203e+01
1.548172917899323231e+01
1.496176890833583961e+01
1.522765114732717961e+01
1.681291260044186942e+01
1.593244938459077353e+01
1.496581394049201563e+01
1.570635265249402934e+01
1.662879312237553719e+01
1.575720624567813388e+01
1.777207562202271873e+01
1.570968485448496210e+01
1.542480034244149323e+01
1.611002807287011862e+01
1.677772489350032359e+01
1.623761804304518463e+01
1.555665052161647388e+01
1.585074903498776422e+01
1.646302353571977051e+01
1.543270247859339328e+01
1.534158138438061059e+01
1.630367859275073172e+01
1.556949200498809560e+01
1.692978141659145308e+01
1.761233749923863456e+01
1.646097379457778942e+01
1.649487492873174332e+01
1.651722545798024910e+01
1.496611194366814779e+01
1.597488408235821922e+01
1.641317480795591877e+01
1.770656231607766884e+01
1.702546107683090071e+01
1.694741742370553084e+01
1.654099747454049307e+01
1.747837406799838078e+01
1.590729735817975410e+01
1.660028642466023285e+01
1.766003178859958567e+01
1.766827253912249418e+01
1.807449315567327019e+01
1.638817908361114917e+01
1.727777563589227938e+01
1.731233557350529395e+01
1.690553001598752658e+01
1.698997792610385105e+01
1.688664810464067045e+01
1.678801936508766346e+01
1.745919857906889305e+01
1.682465139968527268e+01
1.630879858698015994e+01
1.608543573685098949e+01
1.601564140056374441e+01
1.754406774397299174e+01
1.639987618827734295e+01
1.604850067192646179e+01
1.630239340992893915e+01
1.515406139572536226e+01
1.755574044716480131e+01
1.695227982611157813e+01
1.584640691507751065e+01
1.750791329495091730e+01
1.632155256750866101e+01
1.656640096911123905e+01
1.689064222869370724e+01
1.614804151093585816e+01
1.667942319017143760e+01
1.683260048458062386e+01
1.802930030255063443e+01
1.624556687704469127e+01
1.630057763789906744e+01
1.649348900096526194e+01
1.614398364630669391e+01
1.596468741189820761e+01
1.654412848028713157e+01
1.640658305481301937e+01
1.641626447351019635e+01
1.769829119122933037e+01
1.596320759400669331e+01
1.629768315756688679e+01
1.498782038171711228e+01
1.484878077519011264e+01
1.607240783040580467e+01
1.562789692817459830e+01
1.507667438703169971e+01
1.553359497927979405e+01
1.520742653475963202e+01
1.636198253595722107e+01
1.744051363447099234e+01
1.707825423279046717e+01
1.518074669307922164e+01
1.636682938022212497e+01
1.591717795746125930e+01
1.485654754725311122e+01
1.506877149363308455e+01
1.512446509442947296e+01
1.455017836788180041e+01
1.445636543729955470e+01
1.661044683519102350e+01
1.651921567370166599e+01
1.526284041166718808e+01
1.577120936222410030e+01
1.623523301068855673e+01
1.564653198835572034e+01
1.490249373836205926e+01
1.556070485195423636e+01
1.578445454515487434e+01
1.594232524606038126e+01
1.524060847806052799e+01
1.641401521990361445e+01
1.551673697980107569e+01
1.664277793239501690e+01
1.622329472272434003e+01
