1.229547005271852811e+01
1.229270570779997307e+01
1.315968915929551208e+01
1.229576417145563738e+01
1.106882174813617326e+01
1.229223072491146596e+01
1.106870628325904882e+01
1.106870628325904882e+01
1.315914947556357006e+01
1.106882174813617326e+01
1.229514595050655501e+01
1.229441936818637338e+01
1.316534457195942487e+01
1.229479492610534841e+01
1.229402120038168000e+01
1.229514595050655501e+01
1.229441936818637338e+01
1.229547005271852811e+01
1.229547005271852811e+01
1.229547005271852811e+01
1.229441936818637338e+01
1.229402120038168000e+01
1.316610488382055877e+01
1.229547005271852811e+01
1.229402120038168000e+01
1.229441936818637338e+01
1.229316313208132527e+01
1.229479492610534841e+01
1.229441936818637338e+01
1.316494109286637482e+01
1.316452329052965631e+01
1.316125166833668025e+01
1.316494109286637482e+01
1.316452329052965631e+01
1.229576417145563738e+01
1.315391365231129228e+01
1.229402120038168000e+01
1.229441936818637338e+01
1.229514595050655501e+01
1.316534457195942487e+01
1.316319112137001923e+01
1.229316313208132527e+01
1.229441936818637338e+01
1.229514595050655501e+01
1.316494109286637482e+01
1.229479492610534841e+01
1.229479492610534841e+01
1.229479492610534841e+01
1.229479492610534841e+01
1.316645945907104931e+01
1.383990670961335034e+01
1.316679508636026519e+01
1.229402120038168000e+01
1.229547005271852811e+01
1.229441936818637338e+01
1.229514595050655501e+01
1.229441936818637338e+01
1.229402120038168000e+01
1.316573284612256600e+01
1.229402120038168000e+01
1.316610488382055877e+01
1.229514595050655501e+01
1.316534457195942487e+01
1.316452329052965631e+01
1.316494109286637482e+01
1.316573284612256600e+01
1.229360200994004693e+01
1.229514595050655501e+01
1.316645945907104931e+01
1.229479492610534841e+01
1.229479492610534841e+01
1.229576417145563738e+01
1.229441936818637338e+01
1.229402120038168000e+01
1.229602421206812224e+01
1.229441936818637338e+01
1.229576417145563738e+01
1.316175266010711553e+01
1.229360200994004693e+01
1.229316313208132527e+01
1.229514595050655501e+01
1.229514595050655501e+01
1.316534457195942487e+01
1.229441936818637338e+01
1.229479492610534841e+01
1.229441936818637338e+01
1.229479492610534841e+01
1.316494109286637482e+01
1.229441936818637338e+01
1.229479492610534841e+01
1.229402120038168000e+01
1.316534457195942487e+01
1.316573284612256600e+01
1.316409192845534903e+01
1.229479492610534841e+01
1.229441936818637338e+01
1.229479492610534841e+01
1.316573284612256600e+01
1.229514595050655501e+01
1.229547005271852811e+01
1.229479492610534841e+01
1.229441936818637338e+01
1.229547005271852811e+01
1.229514595050655501e+01
1.229441936818637338e+01
1.229479492610534841e+01
1.229514595050655501e+01
1.316452329052965631e+01
1.229547005271852811e+01
1.229441936818637338e+01
1.229402120038168000e+01
1.229479492610534841e+01
1.316645945907104931e+01
1.316573284612256600e+01
1.316409192845534903e+01
1.316409192845534903e+01
1.229441936818637338e+01
1.316610488382055877e+01
1.229547005271852811e+01
1.229479492610534841e+01
1.229602421206812224e+01
1.316573284612256600e+01
1.229402120038168000e+01
1.229441936818637338e+01
1.316409192845534903e+01
1.316409192845534903e+01
1.229514595050655501e+01
1.229479492610534841e+01
1.229514595050655501e+01
1.229547005271852811e+01
1.229441936818637338e+01
1.229402120038168000e+01
1.229441936818637338e+01
1.229479492610534841e+01
1.229479492610534841e+01
1.316534457195942487e+01
1.316319112137001923e+01
1.316452329052965631e+01
1.316224316433502217e+01
1.229441936818637338e+01
1.316610488382055877e+01
1.316494109286637482e+01
1.229547005271852811e+01
1.316610488382055877e+01
1.229514595050655501e+01
1.229479492610534841e+01
1.229402120038168000e+01
1.316573284612256600e+01
1.229479492610534841e+01
1.229402120038168000e+01
1.316452329052965631e+01
1.316534457195942487e+01
1.229514595050655501e+01
1.316494109286637482e+01
1.316573284612256600e+01
1.229479492610534841e+01
1.229402120038168000e+01
1.316494109286637482e+01
1.229514595050655501e+01
1.229441936818637338e+01
1.229360200994004693e+01
1.229547005271852811e+01
1.229514595050655501e+01
1.229441936818637338e+01
1.229514595050655501e+01
1.316573284612256600e+01
1.316452329052965631e+01
1.316452329052965631e+01
1.316494109286637482e+01
1.316452329052965631e+01
1.316494109286637482e+01
1.316494109286637482e+01
1.229547005271852811e+01
1.229479492610534841e+01
1.229514595050655501e+01
1.384187107565355745e+01
1.229514595050655501e+01
1.316645945907104931e+01
1.316494109286637482e+01
1.229602421206812224e+01
1.316645945907104931e+01
1.316573284612256600e+01
1.229441936818637338e+01
1.316610488382055877e+01
1.316573284612256600e+01
1.316573284612256600e+01
1.229402120038168000e+01
1.229479492610534841e+01
1.229514595050655501e+01
1.229514595050655501e+01
1.229402120038168000e+01
1.229402120038168000e+01
1.316494109286637482e+01
1.229479492610534841e+01
1.229441936818637338e+01
1.316610488382055877e+01
1.316409192845534903e+01
1.229514595050655501e+01
1.229479492610534841e+01
1.229360200994004693e+01
1.229360200994004693e+01
1.316710992137559622e+01
1.316573284612256600e+01
1.229479492610534841e+01
1.316494109286637482e+01
1.316610488382055877e+01
1.229479492610534841e+01
1.229514595050655501e+01
1.229514595050655501e+01
1.316645945907104931e+01
1.316452329052965631e+01
1.316534457195942487e+01
1.316452329052965631e+01
1.229360200994004693e+01
1.316452329052965631e+01
1.229402120038168000e+01
1.314671358001683643e+01
1.229441936818637338e+01
1.229360200994004693e+01
1.316175266010711553e+01
1.229441936818637338e+01
1.316573284612256600e+01
1.316573284612256600e+01
1.229441936818637338e+01
1.229360200994004693e+01
1.316534457195942487e+01
1.315860081090811029e+01
1.229514595050655501e+01
1.316409192845534903e+01
1.316409192845534903e+01
1.316494109286637482e+01
1.229479492610534841e+01
1.381457424037174953e+01
1.384187107565355745e+01
1.229576417145563738e+01
1.316272279362859976e+01
1.316125166833668025e+01
1.315138932188492049e+01
1.229479492610534841e+01
1.384149933252149367e+01
1.316573284612256600e+01
1.229624435115871073e+01
1.316272279362859976e+01
1.316364767512811262e+01
1.383816562105096182e+01
1.316573284612256600e+01
1.229441936818637338e+01
1.229479492610534841e+01
1.229479492610534841e+01
1.229547005271852811e+01
1.316645945907104931e+01
1.316409192845534903e+01
1.229441936818637338e+01
1.229479492610534841e+01
1.229441936818637338e+01
1.316573284612256600e+01
1.229576417145563738e+01
1.229514595050655501e+01
1.229441936818637338e+01
1.316494109286637482e+01
1.229360200994004693e+01
1.316452329052965631e+01
1.315914947556357006e+01
1.384149933252149367e+01
1.316272279362859976e+01
1.229402120038168000e+01
1.229441936818637338e+01
1.229402120038168000e+01
1.229479492610534841e+01
1.229514595050655501e+01
1.229402120038168000e+01
1.229514595050655501e+01
1.316409192845534903e+01
1.229547005271852811e+01
1.229402120038168000e+01
1.315914947556357006e+01
1.229547005271852811e+01
1.229602421206812224e+01
1.316319112137001923e+01
1.316364767512811262e+01
1.229479492610534841e+01
1.229514595050655501e+01
1.316452329052965631e+01
1.316610488382055877e+01
1.316494109286637482e+01
1.316610488382055877e+01
1.229479492610534841e+01
1.316452329052965631e+01
1.229441936818637338e+01
1.229479492610534841e+01
1.229441936818637338e+01
1.229402120038168000e+01
1.316021960678484604e+01
1.229479492610534841e+01
1.229514595050655501e+01
1.229316313208132527e+01
1.229479492610534841e+01
1.316021960678484604e+01
1.229576417145563738e+01
1.316074054254495707e+01
1.437850615014032840e+01
1.316409192845534903e+01
1.316610488382055877e+01
1.314390499536140133e+01
1.316534457195942487e+01
1.316534457195942487e+01
1.382420716016639162e+01
1.229479492610534841e+01
1.485239863942036109e+01
1.436813638883453947e+01
1.438522417059374803e+01
1.525270361224557369e+01
1.438064843313014762e+01
1.438713939886558713e+01
1.383770963268480259e+01
1.485331290156272921e+01
1.383328046941181455e+01
1.483931553519430402e+01
1.483657259073426182e+01
1.437904765084348213e+01
1.483712652462291182e+01
1.382481316134978577e+01
1.484356065112158873e+01
1.482972530866756067e+01
1.485509619152995953e+01
1.483433072663867414e+01
1.439072105338677154e+01
1.484356065112158873e+01
1.558512636619061986e+01
1.438323411132821938e+01
1.382834520250395016e+01
1.525502223687662529e+01
1.524886332787006893e+01
1.436254682105970559e+01
1.485100020611253413e+01
1.483545684636147755e+01
1.522869082381119910e+01
1.437741157916445012e+01
1.438011884300539478e+01
1.438522417059374803e+01
1.484146074777005353e+01
1.437685859970126323e+01
1.485193604947199297e+01
1.484199003409989004e+01
1.437288531506623279e+01
1.483601602485668636e+01
1.484459309128856574e+01
1.483822641646176699e+01
1.593755139634562035e+01
1.559413223459052489e+01
1.437171829117197319e+01
1.525456372114822834e+01
1.438806720815674467e+01
1.485596423418862777e+01
1.561247431485412562e+01
1.483089153886796296e+01
1.482795779149649640e+01
1.483147097479517917e+01
1.483147097479517917e+01
1.437796077750996027e+01
1.438522417059374803e+01
1.483985600063130583e+01
1.438473347157531279e+01
1.437904765084348213e+01
1.437171829117197319e+01
1.437403844348284387e+01
1.485376446566631792e+01
1.558782254457223537e+01
1.438169533317836546e+01
1.592305329913224377e+01
1.524230423767476772e+01
1.485005046135945328e+01
1.485052704856592598e+01
1.438619146975140772e+01
1.524983796652992218e+01
1.485765028467754512e+01
1.484662179517154001e+01
1.439072105338677154e+01
1.561291992156462527e+01
1.484039370681089665e+01
1.525988395424039901e+01
1.485239863942036109e+01
1.559153129270139004e+01
1.484611921839826643e+01
1.484662179517154001e+01
1.483931553519430402e+01
1.591423822099817542e+01
1.483767780665769997e+01
1.482736383072082198e+01
1.524385132292557010e+01
1.593840307482647844e+01
1.561893138894287958e+01
1.484860054998400081e+01
1.484561355427952023e+01
1.525032169571410101e+01
1.483319437730412638e+01
1.438713939886558713e+01
1.561934375183347257e+01
1.593140414416094863e+01
1.525902577580762376e+01
1.523754832310965135e+01
1.653415256306476167e+01
1.524935183733324173e+01
1.591673143976868765e+01
1.484356065112158873e+01
1.525410257508320733e+01
1.623478495153058887e+01
1.562371572607623094e+01
1.593755139634562035e+01
1.593230163776765806e+01
1.709395082838290492e+01
1.593407761441709880e+01
1.622205469503120767e+01
1.623810275667786840e+01
1.653272430654941516e+01
1.524126207546843581e+01
1.650416242068452988e+01
1.593966765081095716e+01
1.525175827770075898e+01
1.593495595000323029e+01
1.593539267088322298e+01
1.525771652586066374e+01
1.558889010406647735e+01
1.523262737222510665e+01
1.559970813086017394e+01
1.484039370681089665e+01
1.484407835362532424e+01
1.525410257508320733e+01
1.561336344594406711e+01
1.523808506205300084e+01
1.561021561214646702e+01
1.561597988045858010e+01
1.483931553519430402e+01
1.593797809048322733e+01
1.594214897300800793e+01
1.485376446566631792e+01
1.483877233312709976e+01
1.525727438818590009e+01
1.560020478934446686e+01
1.524787924461200816e+01
1.438473347157531279e+01
1.485553223517074706e+01
1.484611921839826643e+01
1.525175827770075898e+01
1.524935183733324173e+01
1.624368862479929732e+01
1.522869082381119910e+01
1.558728641467898690e+01
1.485100020611253413e+01
1.560837275488048093e+01
1.523373476509234337e+01
1.653863716729003031e+01
1.624329933310425034e+01
1.594091640144546318e+01
1.484860054998400081e+01
1.438169533317836546e+01
1.438323411132821938e+01
1.483931553519430402e+01
1.559770422930751188e+01
1.484510483488378085e+01
1.561021561214646702e+01
1.623891823689286440e+01
1.559464751646899394e+01
1.651485952314048333e+01
1.652371769622561359e+01
1.561934375183347257e+01
1.594376657413126352e+01
1.592016477417359788e+01
1.593004621869401305e+01
1.593185367565162380e+01
1.623851120706505213e+01
1.623478495153058887e+01
1.624523026779471024e+01
1.623810275667786840e+01
1.594050193093413981e+01
1.594690942393155098e+01
1.681851247497826662e+01
1.679490723215496573e+01
1.621975499380178221e+01
1.561725850511638392e+01
1.625113486371543559e+01
1.624484720755734202e+01
1.651527381487433743e+01
1.651609915580609922e+01
1.594008567635914631e+01
1.709948539551518820e+01
1.710217431897984852e+01
1.681818346046631163e+01
1.651277201380295168e+01
1.624212231278327678e+01
1.595065243705302827e+01
1.652868652328536569e+01
1.624053198355826666e+01
1.621789408185698989e+01
1.681652067522549743e+01
1.624329933310425034e+01
1.623891823689286440e+01
1.622296624418981992e+01
1.623562266439239821e+01
1.681482902785192479e+01
1.651975883366161924e+01
1.561468135303452698e+01
1.595208725853310838e+01
1.561768019371059601e+01
1.680448700157128528e+01
1.623008219943648456e+01
1.589478577827864392e+01
1.624636988585649533e+01
1.594091640144546318e+01
1.653163886560635021e+01
1.650460250763101300e+01
1.621459304065859541e+01
1.620585237848334614e+01
1.594336498589939133e+01
1.593363601927278239e+01
1.652868652328536569e+01
1.743496790520963913e+01
1.593319281861138137e+01
1.710706781209006166e+01
1.653415256306476167e+01
1.651319164259974670e+01
1.743357185938938514e+01
1.624933653809853595e+01
1.652526845851534887e+01
1.743357185938938514e+01
1.593539267088322298e+01
1.559970813086017394e+01
1.682298898147088195e+01
1.594416626150960781e+01
1.652254219546894731e+01
1.624290851038545824e+01
1.593626116839294227e+01
1.623138051121368264e+01
1.593140414416094863e+01
1.593966765081095716e+01
1.561067138996900816e+01
1.593755139634562035e+01
1.680559674454618246e+01
1.624407637496766554e+01
1.595483978087283461e+01
1.593669292421945372e+01
1.525456372114822834e+01
1.595028796855789111e+01
1.593495595000323029e+01
1.623436406207510174e+01
1.710250664315617541e+01
1.560459503100984335e+01
1.594767507054083744e+01
1.781892548674181143e+01
1.593185367565162380e+01
1.593966765081095716e+01
1.681414447682497482e+01
1.679569474801958506e+01
1.653127438499012314e+01
1.594843237512045064e+01
1.623436406207510174e+01
1.623478495153058887e+01
1.625042085378798262e+01
1.680923106607431095e+01
1.593966765081095716e+01
1.593539267088322298e+01
1.622656394680208791e+01
1.652906007370306085e+01
1.652565315054729567e+01
1.594296151270309991e+01
1.594091640144546318e+01
1.708078272794118391e+01
1.781960739778153879e+01
1.651235132923986626e+01
1.681241380687242071e+01
1.652095857645661070e+01
1.623810275667786840e+01
1.621975499380178221e+01
1.594376657413126352e+01
1.621975499380178221e+01
1.561511637377074457e+01
1.623562266439239821e+01
1.594336498589939133e+01
1.680448700157128528e+01
1.680072506389996789e+01
1.653590650118212224e+01
1.709110807712914593e+01
1.623562266439239821e+01
1.653590650118212224e+01
1.624013071990441759e+01
1.653163886560635021e+01
1.651319164259974670e+01
1.624251616692346190e+01
1.624523026779471024e+01
1.623051626163914207e+01
1.623309334338077292e+01
1.653659805166047292e+01
1.651692014534418007e+01
1.653308342428272582e+01
1.653520917996814887e+01
1.651651019663171382e+01
1.561640832717189475e+01
1.561468135303452698e+01
1.681618462691683646e+01
1.651527381487433743e+01
1.623891823689286440e+01
1.594091640144546318e+01
1.651975883366161924e+01
1.651651019663171382e+01
1.652906007370306085e+01
1.650547970066828896e+01
1.828171288581149412e+01
1.710990655628940615e+01
1.710642686149626357e+01
1.653930470106234907e+01
1.827015726177882371e+01
1.743552089740703082e+01
1.825666477652464081e+01
1.652755830815219795e+01
1.624823663635597626e+01
1.710117225763728399e+01
1.651192959266393956e+01
1.743158555448132319e+01
1.681448730963537486e+01
1.710316872601592664e+01
1.827768751629143296e+01
1.742720898277051944e+01
1.826952388572389196e+01
1.680815139418242055e+01
1.680958889906094811e+01
1.682078155999298374e+01
1.827449672991805940e+01
1.709743400145331194e+01
1.781423452480949265e+01
1.709777793242293598e+01
1.781637592782422530e+01
1.679647867582425391e+01
1.710610503315169950e+01
1.741479685071957562e+01
1.741511952912317795e+01
1.708453583735330739e+01
1.781614040974352164e+01
1.680669760281683622e+01
1.741736107243566067e+01
1.710833876655915731e+01
1.680994569514597359e+01
1.742389985682107678e+01
1.740518023603626574e+01
1.827388711641073016e+01
1.826824734032835451e+01
2.118635289565807511e+01
1.679569474801958506e+01
1.680485789621676318e+01
1.779962925876742119e+01
1.711446442657496192e+01
1.827768751629143296e+01
1.742389985682107678e+01
1.743607074236939170e+01
1.743187154839623076e+01
1.741767881430746456e+01
1.780310906835181939e+01
1.743607074236939170e+01
1.780753091439010660e+01
2.031674444827468662e+01
2.032050023933072325e+01
2.118467089588748564e+01
2.118638993715190821e+01
1.953469595618972932e+01
2.118540941134846278e+01
1.884218506827142292e+01
2.031755888427570156e+01
2.032062659811737149e+01
1.952817866082078879e+01
2.118544777882836883e+01
1.885046378498302744e+01
1.743413258431174029e+01
1.953208270225702137e+01
1.953238993531226697e+01
1.953518528664904963e+01
1.827141407827321729e+01
2.031612577709545775e+01
1.883898789615941638e+01
2.031875737893467004e+01
2.031605662810261848e+01
2.032241356606031246e+01
1.884043819931427421e+01
2.210303344566592543e+01
1.884186959297489850e+01
2.118459212463059060e+01
2.118226965451763988e+01
2.031999094895981983e+01
2.210420312854603608e+01
2.031749147869676619e+01
2.210489762292956328e+01
2.118697496738199249e+01
2.031715317877318938e+01
1.884872596679675638e+01
1.681584743130142812e+01
2.305887509781699762e+01
2.118552436014521234e+01
2.210487561093447084e+01
1.952441568956795237e+01
1.826760422550033169e+01
2.118502295406933200e+01
2.032081540341707537e+01
2.032143829741906771e+01
1.884155316197657015e+01
2.118575286421676651e+01
2.305801074147877827e+01
1.828518284362237623e+01
1.953380420935285144e+01
1.884589426898412512e+01
2.031855960570030106e+01
2.118870264665738645e+01
1.883979592930171520e+01
1.781731183809744934e+01
2.031308153798773120e+01
2.031183961633287183e+01
2.032106576233702810e+01
1.952686896921694171e+01
2.031986267451654626e+01
2.305801074147877827e+01
2.210401996413728298e+01
2.031999094895981983e+01
1.953218527424337836e+01
1.952464143784617434e+01
1.952565062112409677e+01
1.884296954147425041e+01
1.884390286574594242e+01
1.953115239787407731e+01
1.953300001907757633e+01
2.031633273708612819e+01
2.031999094895981983e+01
2.031529069378465380e+01
1.885060676579094974e+01
2.031708526587355479e+01
2.118544777882836883e+01
2.031688102511272476e+01
2.032295010162395599e+01
1.953156744731624528e+01
1.953083947034570400e+01
2.118624144170263435e+01
2.210500727945191812e+01
1.952936091524323103e+01
2.031486887465153046e+01
1.885074945891388154e+01
2.118471020892620871e+01
1.952839493316624697e+01
2.118467089588748564e+01
1.953537977855390650e+01
1.953115239787407731e+01
2.305855479245269635e+01
1.781375211338522035e+01
1.825596947140322968e+01
2.031789462817870984e+01
2.210587993503520465e+01
1.827650309324067379e+01
1.953115239787407731e+01
1.953390397723402572e+01
1.952486664875231881e+01
1.884528608488187729e+01
2.118517814010295552e+01
2.210262279954910269e+01
2.031915050205120821e+01
1.953430134438627164e+01
2.031681277819100728e+01
2.210451983132292142e+01
2.032081540341707537e+01
2.118521681154449254e+01
2.118285347219202208e+01
2.118722627497010791e+01
2.118860365387665112e+01
2.118605459726349594e+01
2.210502912955305277e+01
2.031816166910941490e+01
2.031842731265484403e+01
2.210624710411621763e+01
2.305812413524170523e+01
2.032030997450528886e+01
2.210558744057544445e+01
2.118375357543770221e+01
2.031605662810261848e+01
2.031279121661527043e+01
2.031999094895981983e+01
1.953300001907757633e+01
1.952785316775906210e+01
1.953459756366037681e+01
2.118624144170263435e+01
2.118683007659263851e+01
2.031782765133488411e+01
2.031423090417291633e+01
2.305926228087011864e+01
2.118371313325956962e+01
2.118395509825247913e+01
2.305775505903710965e+01
2.031908520760108416e+01
2.210660366627432438e+01
2.031387379658131920e+01
2.031915050205120821e+01
1.884186959297489850e+01
2.118455266666490999e+01
2.118510064686356742e+01
2.118601706672729534e+01
2.031715317877318938e+01
2.403256031024858075e+01
1.884343730862555333e+01
1.885017696472613125e+01
2.031681277819100728e+01
2.118297747609393511e+01
1.953390397723402572e+01
2.032186827750526348e+01
2.305814919033098676e+01
2.305819914209517663e+01
2.118498403318054457e+01
2.031908520760108416e+01
2.210552400508383997e+01
2.210675854058417045e+01
1.884498046374540436e+01
2.032174594296185077e+01
1.884769389192897648e+01
1.953615052578693678e+01
2.031769343929698124e+01
1.884328163087966601e+01
1.885299246998463829e+01
2.031960499960144517e+01
2.210543901718765269e+01
1.952224470799873401e+01
2.210327201669845465e+01
2.118544777882836883e+01
2.210583851257298704e+01
2.210569257742556815e+01
2.032277224778633951e+01
2.305893320326854123e+01
2.210610553894890629e+01
2.210334314799393596e+01
2.210511625679146164e+01
2.403221991877633812e+01
2.305860292275401235e+01
2.305796000889339226e+01
2.118711892589822199e+01
2.210494156644735497e+01
2.305804865610503995e+01
2.210719060136789338e+01
2.210569257742556815e+01
2.305893320326854123e+01
2.305961897561972762e+01
2.403265860004524157e+01
2.210626719781322436e+01
2.305916164095522092e+01
2.305803603079405661e+01
2.305889838667833303e+01
2.305957682121255914e+01
2.403230540691407313e+01
2.210550280156591185e+01
2.118796231514676620e+01
2.210518131325771307e+01
2.118686638597857907e+01
2.305823646631285584e+01
2.403274275405729199e+01
2.305842126011615179e+01
2.210652538360057662e+01
2.118785886194130086e+01
2.403242806238479545e+01
2.403234443876124971e+01
2.501743989019349002e+01
2.305802339257549249e+01
2.403264033925406906e+01
2.210691109685388511e+01
2.305866275969330204e+01
2.305928445708445551e+01
2.403245987322535626e+01
2.210652538360057662e+01
2.118686638597857907e+01
2.210650572638079581e+01
2.403233795235137649e+01
2.305941603747134749e+01
2.210656459445280575e+01
2.210469855868266364e+01
2.210590060021953107e+01
2.210632728145574433e+01
2.501765451672365259e+01
2.403236385227269878e+01
2.403261586936014638e+01
2.403245987322535626e+01
2.210587993503520465e+01
2.501776209639718118e+01
2.403243444040577259e+01
2.403258508816053407e+01
2.210636717145933616e+01
2.600962422642667704e+01
2.403196314793415311e+01
2.118733308632671353e+01
2.305897940554767089e+01
2.403252914941672103e+01
2.305975378474235171e+01
2.403220665709975279e+01
2.403252914941672103e+01
2.305808645429555881e+01
2.700531973803023789e+01
2.305819914209517663e+01
2.210552400508383997e+01
2.305939428580731843e+01
2.600969890595101575e+01
2.305907104457198287e+01
2.118778957252039419e+01
2.501753598884923946e+01
2.501754692670642655e+01
2.210575530207865924e+01
2.210592123457025338e+01
2.700522420137730961e+01
2.501776890464337555e+01
2.305885174714959263e+01
2.700518424906082515e+01
2.305958738890576853e+01
2.600967741707754399e+01
2.210478729638156636e+01
2.118726193879355790e+01
2.403245987322535626e+01
2.403248517813050000e+01
2.403230540691407313e+01
2.700524355956881095e+01
2.305887509781699762e+01
2.403259126148407532e+01
2.403277826974805009e+01
2.403226610553397435e+01
2.403260358255980478e+01
2.210612585915879080e+01
2.600957702097508317e+01
2.403270089838345669e+01
2.403248517813050000e+01
2.403207247752026987e+01
2.210692999940264869e+01
2.305859091179008402e+01
2.305889838667833303e+01
2.403238319677498680e+01
2.501773813846979877e+01
2.403264033925406906e+01
2.305901389067300400e+01
2.501783937335381935e+01
2.403273084108890600e+01
2.403262812166581597e+01
2.305930656381465482e+01
2.501775185318565420e+01
2.305926228087011864e+01
2.403267072984183272e+01
2.305831075199121827e+01
2.403224635506833096e+01
2.305945932242000396e+01
2.403255409474699889e+01
2.305836000420134368e+01
2.600967921978228858e+01
2.403227923568343627e+01
2.403252914941672103e+01
2.305903680068392703e+01
2.600965195613369829e+01
2.305832308552945165e+01
2.305790907256985633e+01
2.501770704516198762e+01
2.305903680068392703e+01
2.403218671057473443e+01
2.600973053532425183e+01
2.403271889135626438e+01
2.305862690122475200e+01
2.403240888111957219e+01
2.305919534017012040e+01
2.403227267430400005e+01
2.305885174714959263e+01
2.210550280156591185e+01
2.210478729638156636e+01
2.501746227095658526e+01
2.403233795235137649e+01
2.501763681582086107e+01
2.403276055400561262e+01
2.305834771166856356e+01
2.305866275969330204e+01
2.305917289082596255e+01
2.403249778215144161e+01
2.403198377834311827e+01
2.403252914941672103e+01
2.403268885785138309e+01
2.403252289237918404e+01
2.210594183798448853e+01
2.403278415612428631e+01
2.501778585262285048e+01
2.501779933551771151e+01
2.305889838667833303e+01
2.305894477748894289e+01
2.305930656381465482e+01
2.600973227060546833e+01
2.305933959253626853e+01
2.403250407197125327e+01
2.403237030813546227e+01
2.403241528271969329e+01
2.501797434961710209e+01
2.210550280156591185e+01
2.305843346970412711e+01
2.403259742629279216e+01
2.403276646865437627e+01
2.305925116685952858e+01
2.501775868609429310e+01
2.501809745724618494e+01
2.403229887528790698e+01
2.305940517068107809e+01
2.403255409474699889e+01
2.600965195613369829e+01
2.403252914941672103e+01
2.600947513950741197e+01
2.403289984132834078e+01
2.210478729638156636e+01
2.210706125324695748e+01
2.403230540691407313e+01
2.403293376101338907e+01
2.305909379247200519e+01
2.305860292275401235e+01
2.700517092923283613e+01
2.403226610553397435e+01
2.210460940223526549e+01
2.403265252189859424e+01
2.700522322231193328e+01
2.305882833504272966e+01
2.305921772193647712e+01
2.403259742629279216e+01
2.305837228299717978e+01
2.501801132767326763e+01
2.600971656922702024e+01
2.305894477748894289e+01
2.403229233619454419e+01
2.305947009775396594e+01
2.305915037436068715e+01
2.403251662710941972e+01
2.305897940554767089e+01
2.501780940314688806e+01
2.403231844768683345e+01
2.600970422857223596e+01
2.403273680218481090e+01
2.501778922967312013e+01
2.118627864775798386e+01
2.305840903661611208e+01
2.210558744057544445e+01
2.403234443876124971e+01
2.501793346717297695e+01
2.501775527168669200e+01
2.501783274376985489e+01
2.501774843060236009e+01
2.403255409474699889e+01
2.501777230256376328e+01
2.800285173967692742e+01
2.305886343018601536e+01
2.403255409474699889e+01
2.305855479245269635e+01
2.403242806238479545e+01
2.403249778215144161e+01
2.501781275047324726e+01
2.305897940554767089e+01
2.403235738874234073e+01
2.305948085458427599e+01
2.305936152335962674e+01
2.501781609350367930e+01
2.501764036353890930e+01
2.600972531543453670e+01
2.305920653952936661e+01
2.210524611970592801e+01
2.403257890634884220e+01
2.501770357049509030e+01
2.305854272398702776e+01
2.305937246207975733e+01
2.403225952939222054e+01
2.305894477748894289e+01
2.210585923911929385e+01
2.403230540691407313e+01
2.403218671057473443e+01
2.403255409474699889e+01
2.501753233585461089e+01
2.305838454802149329e+01
2.403247254175931857e+01
2.118657431290853310e+01
2.305929551916596765e+01
2.501757954829128749e+01
2.305880486185766642e+01
2.305913909109827031e+01
2.403221329155057617e+01
2.305886343018601536e+01
2.403247254175931857e+01
2.501764390749738709e+01
2.403292813378379833e+01
2.305922888733315546e+01
2.403251035363198085e+01
2.403244081052277892e+01
2.305896787867716569e+01
2.403208602132197313e+01
2.403251035363198085e+01
2.501763326435233736e+01
2.403271290278356531e+01
2.403275463000083789e+01
2.501781609350367930e+01
2.600968102033165152e+01
2.403246621150107387e+01
2.305889838667833303e+01
2.305932860056311284e+01
2.305961897561972762e+01
2.403258508816053407e+01
2.305874591400194973e+01
2.305932860056311284e+01
2.305917289082596255e+01
2.403276055400561262e+01
2.403246621150107387e+01
2.403203168168968773e+01
2.210598295158764870e+01
2.501765804555182626e+01
2.403271889135626438e+01
2.700524547155149691e+01
2.501762970914237982e+01
2.403252289237918404e+01
2.305943771652720642e+01
2.403229233619454419e+01
2.501778247137492173e+01
2.403249148419657288e+01
2.501783274376985489e+01
2.305874591400194973e+01
2.210604438734647914e+01
2.305874591400194973e+01
2.305913909109827031e+01
2.600964276379291107e+01
2.403261586936014638e+01
2.403226610553397435e+01
2.305929551916596765e+01
2.403254787088762967e+01
2.403263423481367766e+01
2.305885174714959263e+01
2.305912779122342471e+01
2.600970245659894431e+01
2.305896787867716569e+01
2.501771398265573865e+01
2.403218004740093861e+01
2.403258508816053407e+01
2.305893320326854123e+01
2.403289415187944655e+01
2.501780605153719605e+01
2.600972879769719626e+01
2.403244081052277892e+01
2.305911647479113924e+01
2.305821159684990818e+01
2.403273084108890600e+01
2.403241528271969329e+01
2.403258508816053407e+01
2.305902535371944140e+01
2.403250407197125327e+01
2.403237675630986203e+01
2.403288845221047865e+01
2.210604438734647914e+01
2.305927337763204577e+01
2.403230540691407313e+01
2.600958084155595174e+01
2.403247254175931857e+01
2.403242806238479545e+01
2.305881660606259942e+01
2.305742856042780176e+01
2.501756870664343069e+01
2.305867468322563951e+01
2.403235738874234073e+01
2.501784268155246593e+01
2.403251035363198085e+01
2.501784928469584202e+01
2.210644654916058016e+01
2.403270690511551422e+01
2.600966837142844668e+01
2.305836000420134368e+01
2.305919534017012040e+01
2.305867468322563951e+01
2.403220001544170970e+01
2.305930656381465482e+01
2.501768963259833356e+01
2.210620681871529669e+01
2.403259126148407532e+01
2.403224635506833096e+01
2.305847001463759582e+01
2.403254787088762967e+01
2.403239605449306282e+01
2.403274275405729199e+01
2.403271889135626438e+01
2.305754696055351260e+01
2.403244717271343234e+01
2.210685416493851818e+01
2.403203849803136904e+01
2.305909379247200519e+01
2.501779933551771151e+01
2.403222653875910453e+01
2.501753233585461089e+01
2.305848216821808094e+01
2.305873407936840636e+01
2.403213991908395997e+01
2.403245352695519088e+01
2.600959604800049974e+01
2.305899091653694200e+01
2.600973573410108131e+01
2.403240247170348454e+01
2.403262812166581597e+01
2.403215332350863420e+01
2.305848216821808094e+01
2.305917289082596255e+01
2.501756146092781563e+01
2.501746227095658526e+01
2.305902535371944140e+01
2.403261586936014638e+01
2.403260358255980478e+01
2.403234443876124971e+01
2.403266466936943146e+01
2.305826128216524395e+01
2.501796498975825145e+01
2.501779260251374382e+01
2.305910514185596583e+01
2.501776550258401599e+01
2.210652538360057662e+01
2.118850402657666265e+01
2.305847001463759582e+01
2.501780940314688806e+01
2.403265860004524157e+01
2.305899091653694200e+01
2.403233795235137649e+01
2.210583851257298704e+01
2.210687317945692598e+01
2.403252289237918404e+01
2.305929551916596765e+01
2.501753598884923946e+01
2.600974778134861864e+01
2.501792072176629844e+01
2.501780940314688806e+01
2.600972705773155980e+01
2.403221991877633812e+01
2.305892161336153734e+01
2.501759754535387970e+01
2.305851854425479530e+01
2.501799908483193136e+01
2.305874591400194973e+01
2.403266466936943146e+01
2.305880486185766642e+01
2.305911647479113924e+01
2.305931759096804612e+01
2.403242167648207683e+01
2.501782942241112906e+01
2.305925116685952858e+01
2.403259126148407532e+01
2.403203849803136904e+01
2.501769312293671987e+01
2.403249778215144161e+01
2.403222653875910453e+01
2.403238319677498680e+01
2.305977421855901710e+01
2.305916164095522092e+01
2.403246621150107387e+01
2.403208602132197313e+01
2.501791752344990272e+01
2.210496349782506798e+01
2.210606480293214560e+01
2.600973053532425183e+01
2.501765451672365259e+01
2.305827366990604688e+01
2.305873407936840636e+01
2.600962608921730634e+01
2.403233795235137649e+01
2.305824888095660796e+01
2.403236385227269878e+01
2.600957510786289717e+01
2.403229233619454419e+01
2.501780269565666615e+01
2.700527819261697360e+01
2.305853064124178076e+01
2.403230540691407313e+01
2.501780605153719605e+01
2.305904823151529470e+01
2.305872222981390252e+01
2.305887509781699762e+01
2.403231193105357733e+01
2.305814919033098676e+01
2.305953435862275569e+01
2.403197690819429511e+01
2.305844566534434747e+01
2.403239605449306282e+01
2.403260973025802372e+01
2.501782609669213997e+01
2.403272487080200293e+01
2.305948085458427599e+01
2.700524642588489499e+01
2.501767563241540060e+01
2.501768963259833356e+01
2.403211975972843817e+01
2.403234443876124971e+01
2.305922888733315546e+01
2.403271290278356531e+01
2.305881660606259942e+01
2.305850643306366266e+01
2.700519135480014299e+01
2.403257271607547452e+01
2.403267072984183272e+01
2.210537497389431039e+01
2.305902535371944140e+01
2.501770009189515420e+01
2.305865082148877576e+01
2.403231844768683345e+01
2.403205890623070928e+01
2.501765804555182626e+01
2.403257271607547452e+01
2.210648603481208596e+01
2.403252289237918404e+01
2.305866275969330204e+01
2.403256031024858075e+01
2.403271889135626438e+01
2.403221329155057617e+01
2.305913909109827031e+01
2.305909379247200519e+01
2.501775527168669200e+01
2.403269488261847542e+01
2.501776890464337555e+01
2.403234443876124971e+01
2.403257890634884220e+01
2.305793456608505565e+01
2.210604438734647914e+01
2.403252289237918404e+01
2.305916164095522092e+01
2.501766509178116848e+01
2.501786571460040420e+01
2.305937246207975733e+01
2.403241528271969329e+01
2.305920653952936661e+01
2.305908242669293173e+01
2.501785257961337905e+01
2.305896787867716569e+01
2.305889838667833303e+01
2.600968461494040440e+01
2.403255409474699889e+01
2.403233145835563889e+01
2.305889838667833303e+01
2.305854272398702776e+01
2.403262199983865344e+01
2.305925116685952858e+01
2.305819914209517663e+01
2.305853064124178076e+01
2.305927337763204577e+01
2.210656459445280575e+01
2.403288274236309974e+01
2.501778247137492173e+01
2.403254163869596027e+01
2.403215332350863420e+01
2.403251035363198085e+01
2.210456466832381395e+01
2.501764390749738709e+01
2.403204530757905744e+01
2.501796498975825145e+01
2.600949907320579868e+01
2.403232495679413461e+01
2.403260358255980478e+01
2.403227923568343627e+01
2.403268885785138309e+01
2.210628725868258115e+01
2.501785587007651657e+01
2.501756870664343069e+01
2.501764390749738709e+01
2.403241528271969329e+01
2.600965744673173319e+01
2.403237030813546227e+01
2.305908242669293173e+01
2.305930656381465482e+01
2.403254163869596027e+01
2.600971656922702024e+01
2.403285404187957397e+01
2.305943771652720642e+01
2.210664259794882014e+01
2.305927337763204577e+01
2.305968161796382887e+01
2.403272487080200293e+01
2.305922888733315546e+01
2.305937246207975733e+01
2.403286555216092779e+01
2.403244081052277892e+01
2.403238962950978674e+01
2.403219336659416427e+01
2.501780605153719605e+01
2.305908242669293173e+01
2.403235091756502584e+01
2.403223315148081696e+01
2.600970776578496313e+01
2.501767563241540060e+01
2.305867468322563951e+01
2.501768963259833356e+01
2.305904823151529470e+01
2.403225952939222054e+01
2.210560852708600521e+01
2.305968161796382887e+01
2.305879310247227565e+01
2.210606480293214560e+01
2.403266466936943146e+01
2.403272487080200293e+01
2.305904823151529470e+01
2.403238962950978674e+01
2.600971129397532167e+01
2.700521337470443228e+01
2.501787551852940439e+01
2.403230540691407313e+01
2.501784598533765447e+01
2.305928445708445551e+01
2.501781609350367930e+01
2.403235091756502584e+01
2.501724885568567913e+01
2.305893320326854123e+01
2.403273680218481090e+01
2.403169678988180280e+01
2.305922888733315546e+01
2.305824888095660796e+01
2.403218671057473443e+01
2.305860292275401235e+01
2.600974778134861864e+01
2.305848216821808094e+01
2.305872222981390252e+01
2.305972297869884713e+01
2.032410943341309206e+01
2.305966081664917411e+01
2.210602394018850347e+01
2.305790907256985633e+01
2.600961862611174169e+01
2.403225294589746497e+01
2.501747341594965590e+01
2.403277237391325016e+01
2.501766157057414119e+01
2.210581775549663774e+01
2.210612585915879080e+01
2.305789630686743763e+01
2.403227923568343627e+01
2.305903680068392703e+01
2.210476515145300880e+01
2.305855479245269635e+01
2.403224635506833096e+01
2.305775505903710965e+01
2.600970776578496313e+01
2.403249148419657288e+01
2.403268282411274726e+01
2.600969890595101575e+01
2.800281973143432523e+01
2.403252289237918404e+01
2.210505095241313356e+01
2.403243444040577259e+01
2.501777569633360088e+01
2.501774500394793677e+01
2.501783606075516886e+01
2.403222653875910453e+01
2.501781275047324726e+01
2.118679370974660969e+01
2.403230540691407313e+01
2.501778247137492173e+01
2.305928445708445551e+01
2.403245987322535626e+01
2.403210628520612246e+01
2.305793456608505565e+01
2.403256031024858075e+01
2.501777569633360088e+01
2.305871036538062668e+01
2.600964276379291107e+01
2.403242806238479545e+01
2.305965038606324313e+01
2.600968999053822017e+01
2.403262812166581597e+01
2.501764744768714621e+01
2.600965744673173319e+01
2.501784268155246593e+01
2.700524547155149691e+01
2.600962236164228614e+01
2.600965195613369829e+01
2.403248517813050000e+01
2.501783606075516886e+01
2.403245352695519088e+01
2.700519236604938556e+01
2.501778585262285048e+01
2.403188699552166341e+01
2.600963907250982743e+01
2.403255409474699889e+01
2.700523393408916917e+01
2.403247886397690891e+01
2.800279913148493449e+01
2.600971129397532167e+01
2.600976647191826530e+01
2.403235091756502584e+01
2.501781275047324726e+01
2.403243444040577259e+01
2.403235738874234073e+01
2.403248517813050000e+01
2.501760471866082369e+01
2.501772090429388484e+01
2.403237675630986203e+01
2.403270089838345669e+01
2.600942859239128424e+01
2.501781609350367930e+01
2.403215332350863420e+01
2.403265252189859424e+01
2.501766509178116848e+01
2.600967741707754399e+01
2.600964460637062814e+01
2.600953255214890092e+01
2.501765451672365259e+01
2.403229233619454419e+01
2.600965561861213260e+01
2.403245987322535626e+01
2.501775185318565420e+01
2.600965561861213260e+01
2.305909379247200519e+01
2.501757593800963164e+01
2.600970245659894431e+01
2.501757954829128749e+01
2.403225952939222054e+01
2.403244081052277892e+01
2.501749192304091451e+01
2.501787225508742907e+01
2.501783937335381935e+01
2.900151867058571753e+01
2.501776550258401599e+01
2.403250407197125327e+01
2.700519034258257633e+01
2.501779597113266007e+01
2.403230540691407313e+01
2.501776550258401599e+01
2.700514382320880458e+01
2.501771744546196174e+01
2.501767212271136742e+01
2.403236385227269878e+01
2.600955780595550948e+01
2.403277826974805009e+01
2.501747341594965590e+01
2.403240247170348454e+01
2.403231193105357733e+01
2.501788852661383444e+01
2.501798366386315564e+01
2.600963907250982743e+01
2.501762970914237982e+01
2.501772435914103099e+01
2.700523296559835629e+01
2.305911647479113924e+01
2.501773469966795460e+01
2.403211302595150300e+01
2.403238962950978674e+01
2.403226610553397435e+01
2.700525023209616649e+01
2.501766509178116848e+01
2.600967561222332591e+01
2.501776209639718118e+01
2.501750666708938553e+01
2.501744362867992422e+01
2.501766157057414119e+01
2.501778247137492173e+01
2.501778585262285048e+01
2.600957702097508317e+01
2.501795243986209982e+01
2.600954618843509536e+01
2.501784598533765447e+01
2.501778247137492173e+01
2.501762258753405277e+01
2.501774843060236009e+01
2.501753963832793559e+01
2.501771051588563211e+01
2.600966109670439508e+01
2.600973400353353071e+01
2.403251662710941972e+01
2.501782276662594384e+01
2.501783606075516886e+01
2.501766157057414119e+01
2.501777908594123190e+01
2.600951686061715051e+01
2.600971305467047046e+01
2.501751034448167488e+01
2.501770704516198762e+01
2.501773469966795460e+01
2.305879310247227565e+01
2.501781943222550098e+01
2.403218004740093861e+01
2.403218004740093861e+01
2.600966291854643231e+01
2.600964644689883798e+01
2.403197690819429511e+01
2.501778922967312013e+01
2.403264643495858266e+01
2.900151565974832479e+01
2.600939363661690606e+01
2.403249778215144161e+01
2.501770009189515420e+01
2.403263423481367766e+01
2.600957127601619234e+01
2.403249778215144161e+01
2.600959604800049974e+01
2.501781943222550098e+01
2.501792391531325066e+01
2.600961675537527640e+01
2.501766860916342239e+01
2.501791111257361422e+01
2.501742865479436873e+01
2.501757954829128749e+01
2.403267678143287611e+01
2.403267072984183272e+01
2.600950501800894088e+01
2.403207925286502089e+01
2.501756870664343069e+01
2.600966291854643231e+01
2.600952275823028259e+01
2.403260358255980478e+01
2.600952079412373408e+01
2.501739477069473949e+01
2.600969356332194593e+01
2.501796811474790871e+01
2.305809902767843056e+01
2.501765451672365259e+01
2.600955006824254667e+01
2.501762615019997327e+01
2.305746813312374499e+01
2.305907104457198287e+01
2.600959415388023643e+01
2.501779260251374382e+01
2.800276544117988209e+01
2.305868659204503857e+01
2.403201119205354175e+01
2.600952472056746956e+01
2.600971129397532167e+01
2.600963166557734851e+01
2.403225952939222054e+01
2.403259742629279216e+01
2.600971481308996758e+01
2.403212648652051087e+01
2.305884004875338888e+01
2.403233145835563889e+01
2.403211975972843817e+01
2.600965195613369829e+01
2.700517812120633465e+01
2.600944285105492781e+01
2.501787877741771737e+01
2.501769312293671987e+01
2.305872222981390252e+01
2.501700559263964507e+01
2.501790146089009070e+01
2.700521238430295767e+01
2.600956166379735635e+01
2.501771744546196174e+01
2.600965744673173319e+01
2.700517709659025911e+01
2.403215332350863420e+01
2.700522420137730961e+01
2.700524642588489499e+01
2.600975120174177135e+01
2.800276203706549438e+01
2.600957319287519809e+01
2.600950897253117589e+01
2.600970422857223596e+01
2.600970776578496313e+01
2.700517914488090199e+01
2.600966473828486158e+01
2.501763681582086107e+01
2.700520042092439965e+01
2.600956743670099414e+01
2.501748453043174436e+01
2.403249778215144161e+01
2.403221991877633812e+01
2.800284835674261430e+01
2.600972182387488729e+01
2.501783274376985489e+01
2.501780269565666615e+01
2.403229887528790698e+01
2.700526620591249838e+01
2.600954424580738689e+01
2.403216669965975782e+01
2.700528637050059899e+01
2.501765098409898869e+01
2.600958274901609713e+01
2.600951489122436655e+01
2.501772090429388484e+01
2.600963537309100460e+01
2.600969534641078695e+01
2.800281137415151278e+01
2.600953059692605862e+01
2.403210628520612246e+01
2.501757593800963164e+01
2.501750298624178370e+01
2.403223975692331749e+01
2.501765098409898869e+01
2.600969890595101575e+01
2.501782942241112906e+01
2.800279209662726032e+01
2.501773813846979877e+01
2.600952079412373408e+01
2.305875773367204573e+01
2.305722913189819678e+01
2.501774843060236009e+01
2.403221991877633812e+01
2.305829840485225546e+01
2.501757232412427712e+01
2.501763681582086107e+01
2.501745482410446186e+01
2.800275975905260140e+01
2.600954424580738689e+01
2.305872222981390252e+01
2.501784268155246593e+01
2.403216669965975782e+01
2.305842126011615179e+01
2.403187306490913144e+01
2.305704069264710299e+01
2.305885174714959263e+01
2.210305740348207237e+01
2.700514065669007380e+01
2.501773125683871513e+01
2.305857888639269149e+01
2.501738720499061941e+01
2.501782609669213997e+01
2.403245352695519088e+01
2.403237675630986203e+01
2.403233795235137649e+01
2.501766860916342239e+01
2.600955587427491977e+01
2.305806126847882709e+01
2.501772090429388484e+01
2.403210628520612246e+01
2.700514276858115892e+01
2.600965012178568259e+01
